0 -0.00112135667278 -0.000175475470264 -0.000210556227861 -3.89840916146e-05 -5.05767387115e-06 -7.51515802358e-05 -1.50241660765e-05 -6.61001855229e-05 -6.68369192415e-05 7.89008323885e-05 4.49745872482e-05 -4.77457398888e-05 -7.95024534862e-05 -3.87738919114e-06 3.71357376357e-05 4.85941764667e-05 -4.84584106192e-05 1.48636027201e-05 2.03118459279e-05 -8.48522145068e-07 9.21096377713e-05 5.44806002615e-05 -0.000116256678578 -1.05157679594e-06 -2.51627059131e-05 -5.91672732327e-05 3.89787550877e-05 3.39579726467e-05 -7.36944553634e-06 1.36574400508e-05 3.82309113942e-06 4.45353437563e-05 7.27153007483e-05 -3.89921012591e-05 3.59209195747e-05 -7.36949622738e-05 -3.33878143115e-05 1.75356325372e-05 -2.94446659198e-05 9.68397022014e-05 -7.061084423e-05 6.29771641902e-05 -1.96642940626e-05 2.84992972169e-05 -4.7337030234e-05 3.27128029877e-05 -1.0992472954e-05 -6.08914713512e-05 8.45868751317e-06 -3.54464244495e-05 1.04187147454e-05 -5.66112868545e-06 4.18352422551e-05 3.69666747121e-05 -7.69480445608e-05 5.16788304566e-05 -0.000100547159267 5.32171360955e-05 -2.23860762131e-05 3.43329370795e-05 4.24914930766e-07 5.12490742615e-05 -0.000132162944022 6.55693208131e-05 4.50602157931e-05 -1.81924826884e-05 -2.02423476629e-05 -1.97254149818e-05 -7.67102528994e-05 5.34199987085e-05 1.96567270936e-05 -2.86621580976e-05 3.86248416356e-05 1.52939230107e-05 6.03125663204e-05 -7.287029264e-06 3.45263971066e-05 0.000176218308112 
-0.00112135667278 0 -0.0010366867277 -9.2732304877e-05 -0.000150060014086 -5.35943516972e-05 -5.35502835055e-05 -3.4536543627e-05 -6.92624381987e-05 4.48881980417e-06 -5.44414895595e-06 -5.09290443232e-05 1.80400338765e-05 -1.09941273638e-05 4.55447941852e-05 4.13276153251e-05 -0.000106135010304 3.08356859686e-05 -3.43812876461e-05 -7.50827135891e-06 3.57635773687e-06 -6.73630846447e-05 0.000108051988236 1.09261310339e-06 -6.94559523958e-06 -3.62985347554e-05 -3.55762101727e-05 4.80271984504e-05 6.0362095172e-06 1.84062275801e-05 -2.238037643e-05 6.11861226314e-06 1.28110899784e-05 4.04321704225e-06 3.18432182571e-05 -8.82147062277e-05 7.53004034042e-05 -9.2179901261e-07 2.60130208023e-05 -1.19489552637e-05 -5.7912039447e-06 1.52385785116e-05 -3.23370909761e-05 -6.93394503846e-06 -2.25138224937e-05 7.20299686407e-05 -7.51524047375e-05 -3.78508638695e-05 6.3335616809e-05 6.03387322938e-05 -4.9024733813e-05 4.31335122229e-05 -2.50738636859e-05 3.45354795398e-05 2.07716578377e-05 -1.81690339988e-05 2.31584549217e-05 8.52101848041e-05 -9.65534906699e-05 6.55743716796e-05 -5.59198814647e-06 -1.24656656773e-05 9.32557962441e-06 2.16156460672e-05 -3.47141137887e-05 -1.48666647511e-05 7.11918455793e-06 -4.03555156818e-06 3.23278352927e-05 -3.12751483535e-05 -8.08102926666e-06 -1.59168892098e-05 1.95017060185e-05 1.25272693689e-05 -6.23604674391e-05 1.29065605405e-05 -1.05658622652e-05 -8.3945449988e-06 -5.92285499111e-05 
-0.000175475470264 -0.0010366867277 0 -0.000841537411373 -0.000192701346921 -5.97112271813e-05 -6.21330769521e-05 -3.14676415059e-05 -6.4442880047e-05 5.89133312553e-06 -2.64715093079e-05 1.58684915344e-05 -3.59568758638e-06 -4.02684996182e-05 3.51763343865e-06 2.17489306205e-06 2.17657568503e-05 -2.29525674087e-06 4.14389159806e-05 -5.77151840613e-05 6.06901014536e-05 -6.26573315516e-05 -2.26644836166e-05 4.13083140262e-05 -4.28551244927e-05 3.67046610836e-05 -2.20967382597e-05 -1.76459369089e-05 6.98910542191e-06 -1.38497139652e-05 4.20077283545e-05 2.35234964224e-06 3.07895857383e-05 8.35793935358e-06 -2.77051191617e-05 1.61935974433e-05 -4.02040906711e-05 6.48930993391e-05 -2.51093560416e-05 4.56439529777e-05 -2.56373095833e-05 5.89762081823e-06 3.13002978882e-05 6.97489546307e-06 3.02400274472e-05 -3.81447865118e-05 -2.83491676695e-05 2.56259622735e-05 -5.18586846044e-05 3.70602308731e-05 4.67757219091e-05 -6.50833956133e-05 -2.55960090487e-05 4.07306104127e-06 -8.23427461678e-05 4.01394061079e-05 -3.25232330334e-06 7.31658395811e-06 4.23768387242e-05 -6.39904230172e-05 1.77419469651e-05 2.94787118991e-05 2.33409670699e-05 3.37572490026e-05 -4.17461883573e-05 -3.03824347385e-06 -1.23618032755e-05 -0.000100567777389 -1.78976592861e-05 9.92203008281e-06 5.16164532626e-05 -2.41043153942e-05 6.44505698211e-06 -2.49306292196e-05 -8.6243032327e-06 -2.17475944699e-05 3.80483724915e-06 -1.74231542893e-05 -4.09609530363e-05 
-0.000210556227861 -9.2732304877e-05 -0.000841537411373 0 -0.000790677985181 -0.000257119496077 -0.000115950844319 -4.83074615417e-05 -3.72817838238e-05 7.29033394898e-06 -5.51865340499e-05 -2.28088510343e-06 -2.11530887074e-05 -1.44389072263e-05 -6.77500153058e-05 2.02295335114e-05 -9.61966368313e-06 2.44886894291e-05 -1.46262152226e-05 2.99773490478e-05 -1.15856298942e-05 3.17782863156e-05 -1.52074376675e-05 -3.06365159663e-05 2.90691511501e-05 -3.18261303793e-05 -1.39003200902e-05 -2.11627028661e-05 3.27282564031e-05 1.90968001537e-05 9.06863354908e-05 -3.77132955046e-05 -0.000128006333521 -4.89615452697e-05 1.21584924682e-05 7.77175248207e-05 -5.55498985731e-05 -1.69200863306e-05 -2.00046990733e-05 8.48048181101e-05 -1.35465239746e-05 -2.98950550723e-05 3.23982869446e-05 1.9500167076e-05 -2.35019894424e-05 1.36143998604e-05 2.45086673429e-05 7.68310861258e-07 -4.63038858355e-05 -3.37582141348e-05 4.11481508044e-05 1.80236987028e-05 1.94527700012e-05 2.98201833647e-05 3.15648231591e-06 -4.38376880919e-05 6.81285388219e-05 -2.91385153096e-05 1.05508770702e-05 2.35610376441e-05 -5.83278334523e-05 3.0220383679e-05 -3.70739958097e-05 -1.4554688578e-05 4.13792606034e-05 1.76412999407e-05 -8.63159736504e-06 8.14351309693e-05 -2.68428052448e-05 -3.19110716226e-05 -9.07767957021e-05 7.61382430721e-05 -5.37072576034e-05 7.28444213449e-06 3.67843583739e-05 -2.48419292654e-05 4.83909533329e-05 -4.34867586637e-05 8.42330387364e-05 
-3.89840916146e-05 -0.000150060014086 -0.000192701346921 -0.000790677985181 0 -0.000754838168324 -0.00013617904563 -0.000151702472001 -6.8254746409e-05 -0.000100774013242 -5.1998900041e-05 5.88202621436e-06 -1.56750246743e-05 2.45186409421e-05 -2.57812857617e-06 2.95104480803e-05 -7.26443802639e-05 -5.26570706023e-05 3.19318789107e-05 -1.61298871667e-05 -1.00335838403e-05 -7.02989778935e-07 -8.60092303934e-05 -3.71782937712e-06 3.30601334039e-05 -1.42394525431e-05 7.90397732367e-05 -3.75589004305e-05 -6.80651395457e-05 2.8703455791e-05 -3.19632780442e-05 2.35334759122e-05 7.62536469584e-05 2.1766034675e-05 3.83678189787e-05 -5.59592816952e-05 6.01818835151e-05 -4.24610071405e-05 -5.78484412635e-06 -8.48205400964e-05 1.0013057371e-05 3.86284549723e-05 -2.70709204916e-05 -4.87597544788e-06 7.90448108573e-05 7.5215978864e-06 -1.15061083096e-05 -4.47982812085e-05 6.07394211884e-05 -3.07335983413e-05 -3.00682181615e-05 5.68803079722e-05 -4.30568519745e-05 -9.97845347529e-07 3.66099759118e-05 -1.45215580065e-05 1.56297381222e-07 1.97114357953e-05 4.03080142156e-05 4.74753471899e-06 -5.57223493051e-05 -0.000122985282481 6.60259405378e-05 8.95426962208e-05 -3.08306515275e-05 2.60770756072e-05 -1.78639906512e-05 9.33747136361e-06 2.44138345962e-05 2.24084671467e-05 5.6537837366e-05 -3.28447726967e-05 -1.46695532061e-05 3.67924308591e-05 -4.34272235888e-05 -1.01969803829e-05 -2.65738038727e-05 3.79470327953e-05 -9.49337467001e-05 
-5.05767387115e-06 -5.35943516972e-05 -5.97112271813e-05 -0.000257119496077 -0.000754838168324 0 -0.000784751287492 -0.000182084124506 -6.92821990022e-05 -0.000172718308852 4.10947968468e-06 -5.10676211491e-05 -7.88314035639e-07 -2.27019759828e-05 3.12693477206e-05 -7.90714994303e-05 5.08146636915e-05 -1.88167016237e-05 1.67671765713e-05 1.56626426178e-05 -1.03318735494e-05 -2.85079897874e-06 -5.26464165498e-05 2.06503949827e-05 1.16091227802e-05 -4.91665576256e-05 -5.21226779022e-05 5.92627026072e-05 1.89672483591e-05 -7.14941069409e-05 3.66710116507e-05 -1.5715531955e-05 -2.43223484518e-05 4.4189051112e-05 -3.39510334918e-05 -8.82384931932e-06 2.02616146297e-05 -2.72675247834e-05 4.76332465437e-06 4.97191366703e-06 1.54017937324e-05 -8.05356033198e-05 7.32619544737e-05 6.14032764734e-05 -6.19800072308e-05 -3.53798268773e-05 -5.02580452198e-05 7.55194395356e-05 6.4517011489e-06 -4.0534792919e-05 -5.23518827503e-05 -4.65223456595e-05 3.13718437417e-05 4.15761087256e-05 -1.01717681015e-05 3.51985394801e-05 -4.9418493008e-05 -2.95378567383e-05 7.35263960426e-06 -1.12286830594e-05 1.41081899243e-05 -3.39502371839e-05 1.14024030086e-05 -6.98093488667e-05 4.45929748504e-05 -5.73057165583e-05 -1.3824778023e-05 4.34088555683e-05 -6.82459908085e-05 6.34382642466e-05 -2.58752397422e-05 3.6182051022e-05 3.54594777869e-05 2.67049489866e-06 -2.82192211595e-05 8.65213527306e-05 -2.87777194288e-05 -2.70977672129e-05 3.70094302582e-05 
-7.51515802358e-05 -5.35502835055e-05 -6.21330769521e-05 -0.000115950844319 -0.00013617904563 -0.000784751287492 0 -0.000722087263179 -0.000122045988636 -9.30263234627e-05 -0.000133632019094 -9.44612844396e-06 -6.41922291079e-05 4.9799449717e-05 -4.17630026656e-05 4.18501577412e-05 8.53199703652e-06 -8.12111768744e-05 -3.22573171055e-05 1.77177870394e-06 1.85981405039e-05 6.04203394887e-06 1.12032690048e-05 3.09504397552e-07 -4.03987248698e-05 1.62490156862e-05 2.48554344752e-05 -3.34743768864e-05 1.30123228912e-06 -7.63025426553e-05 3.41299322903e-05 4.03939223669e-05 -2.71512284647e-05 5.2907996875e-05 -6.98168494171e-06 3.51724539533e-05 6.80049889804e-06 -1.51437923145e-05 4.7880079454e-06 3.29380310622e-05 -8.88194413707e-06 2.12435383206e-06 4.67664828868e-05 4.21855143215e-05 -4.95509535149e-05 -1.86333979898e-06 7.18568131866e-05 -4.87600822471e-05 -2.71943939755e-05 4.53177052025e-05 -5.81084795915e-06 -6.1262241281e-06 9.14903346805e-06 1.29165027758e-05 -7.05480039244e-05 -2.44500567163e-05 7.57090628098e-05 -3.60161772486e-05 8.26395723911e-06 -2.17082651994e-05 -2.57322234632e-05 0.00010871658637 -4.95367731662e-05 2.31688361294e-07 3.74745043824e-05 3.86648446371e-05 -1.9934242634e-05 2.72126893451e-06 2.6758485982e-05 -4.66427588446e-05 2.60953593796e-05 -1.39173189214e-05 8.75506167977e-06 -5.10359095213e-05 1.99998085906e-05 -5.1796275475e-05 -6.78285195744e-05 4.32953499996e-05 4.88885210596e-05 
-1.50241660765e-05 -3.4536543627e-05 -3.14676415059e-05 -4.83074615417e-05 -0.000151702472001 -0.000182084124506 -0.000722087263179 0 -0.000828377141829 -0.000157925903975 -8.82194462403e-05 -0.000129330517283 -4.05103305736e-05 -2.84971755377e-05 -3.93022752937e-05 1.92970489143e-05 -4.32298032993e-05 2.27206317015e-05 -2.53637686197e-05 -2.95443122127e-05 -4.89008004158e-05 1.51295794384e-05 4.52227507057e-07 -2.8015457725e-05 1.43185983415e-05 3.38071653988e-05 1.11552402999e-05 1.36716724921e-05 7.57799892442e-06 -1.85468860929e-05 -1.55774737985e-05 -1.28065019723e-05 -1.05906872325e-05 -5.16442683806e-05 4.76820514413e-05 -4.71897332369e-05 -3.45880631564e-05 4.52869242789e-05 -7.39730221291e-05 -1.25138073026e-05 3.02408395959e-05 -4.53237791485e-06 -6.66276216059e-05 3.22007862338e-05 -1.82518161799e-06 -1.81225332197e-05 1.85047334084e-05 1.12096465645e-05 -1.91913914197e-05 2.58852535625e-05 -5.07785967542e-05 6.59767852911e-05 -3.54565666573e-06 -6.78735148302e-05 1.12257625825e-05 2.15837095109e-05 -7.59180895133e-05 8.47371292896e-05 -2.73505408478e-05 1.46267026364e-05 -1.79192980377e-05 -2.64069867294e-06 -1.51907111333e-05 2.63540981577e-05 1.35466217022e-07 -5.66105279419e-05 4.39349265299e-05 -7.02722273113e-05 7.25965819589e-05 1.07728443561e-05 -0.000116420720795 2.97788006505e-05 7.91941313009e-05 -2.28359301935e-05 3.35264970019e-05 -4.62554970388e-05 1.32340954759e-05 2.79868946071e-05 -2.25018224487e-05 
-6.61001855229e-05 -6.92624381987e-05 -6.4442880047e-05 -3.72817838238e-05 -6.8254746409e-05 -6.92821990022e-05 -0.000122045988636 -0.000828377141829 0 -0.000777787079804 -0.000151616858752 -0.000142548342432 -1.49070199281e-05 -8.89937094833e-05 3.0259594432e-05 -4.13247085989e-05 -2.67755817085e-05 1.63334941422e-05 -3.10646703154e-05 3.67879171131e-05 -5.65939472541e-06 3.10415660738e-05 -1.66262286644e-06 -6.52848626895e-05 1.89462334349e-05 -7.3785118915e-06 5.23510163864e-05 -7.17668210882e-05 2.87236676664e-05 2.62090315792e-05 1.16879388158e-05 -3.9324521104e-06 -1.29927167077e-05 -5.79755736986e-05 -1.36425975286e-05 -3.4505502472e-05 6.81773231553e-06 2.58798727076e-05 7.82302363535e-05 -9.89388195499e-06 -2.59042898394e-05 2.57972451177e-05 6.06961913066e-05 -1.19253255071e-05 4.33241319624e-06 -9.98663943511e-05 2.42788332206e-05 -3.2202016207e-05 1.7855676367e-05 -7.21786596787e-05 -2.82269780881e-05 6.66359637078e-06 6.83407116386e-05 -4.87390626383e-05 2.41635938198e-05 -3.92041395571e-05 3.07771593559e-05 -3.93658711365e-05 7.5262705071e-06 -6.9190976261e-05 7.18887465293e-05 1.14104795186e-05 8.35986218541e-06 -1.03775507101e-05 2.33365619535e-05 7.58995402397e-05 -5.8759658285e-05 1.74442133521e-05 -3.31165152798e-05 -9.51893560805e-05 5.36100543183e-05 2.63660739029e-05 -8.25549540969e-05 3.34753802971e-05 3.40015017492e-05 3.24564537091e-05 -1.93532433571e-05 -3.66833050419e-05 1.78809653837e-05 
-6.68369192415e-05 4.48881980417e-06 5.89133312553e-06 7.29033394898e-06 -0.000100774013242 -0.000172718308852 -9.30263234627e-05 -0.000157925903975 -0.000777787079804 0 -0.000758330089936 -0.000164345495221 -0.000124441372633 -8.16578786387e-05 -0.000114083507461 -3.03087601991e-05 -4.11848790832e-05 1.98026570177e-06 6.53491193291e-05 2.92941412379e-05 -5.62079147816e-05 3.38966761863e-05 1.35921683566e-05 1.21873976835e-06 8.09338538417e-06 -1.21518168559e-05 6.13913977099e-06 1.31011154405e-05 1.56361071843e-05 4.42711805209e-07 -6.42881096446e-05 7.40064101895e-06 4.85897988654e-05 2.81282579601e-05 -1.90200385832e-05 2.5593332114e-05 -1.64355925606e-05 -1.61916284909e-06 -4.14018847399e-05 1.31719859943e-05 1.90339627363e-05 3.35643787212e-05 -4.70659331738e-05 -4.75489769943e-05 7.36081732553e-05 3.19063159146e-05 -1.49859785847e-05 -4.929443093e-06 -1.7377938308e-05 4.82285667264e-05 5.62990364481e-05 -1.58553443363e-06 -3.3839201352e-05 4.1393866903e-05 -2.60416842284e-05 1.36733117404e-05 1.86014594986e-06 -2.48615192092e-05 4.92829399122e-05 -1.81166882926e-05 1.03418276305e-05 4.43764800273e-05 -2.21370836661e-05 -1.37320874361e-06 -1.60671043338e-05 -1.58245586345e-05 -1.48895210759e-05 -2.82480407408e-05 1.86695614066e-06 5.43559859789e-05 6.48593394531e-05 -7.22171224197e-05 2.00505433263e-05 -3.23836347746e-05 -4.77110527085e-05 -2.93992044304e-06 4.1769715621e-05 -1.68153005811e-05 -4.35648649944e-06 
7.89008323885e-05 -5.44414895595e-06 -2.64715093079e-05 -5.51865340499e-05 -5.1998900041e-05 4.10947968468e-06 -0.000133632019094 -8.82194462403e-05 -0.000151616858752 -0.000758330089936 0 -0.00078918317432 -0.000125315417738 -8.67616098838e-05 -0.000121578616463 -0.000103141556968 -1.1366783093e-05 5.34326754985e-05 -7.36644193435e-05 -5.60836312473e-05 5.07602732524e-06 -5.45066504831e-05 -9.14783180694e-06 8.74323345901e-05 9.95277059219e-06 3.56162551776e-05 -7.54095487023e-05 -3.17796491546e-05 -5.71596207737e-06 -4.86704022583e-05 -6.93142421964e-06 1.51595280641e-05 5.60954022487e-06 -2.42585693827e-05 1.26522791163e-06 1.98977723289e-05 -8.39198880189e-06 -3.81789305198e-06 -3.32424228684e-06 -1.00437874486e-05 -7.68303874183e-06 2.04510434733e-05 2.63705058061e-05 2.05754047579e-05 -3.9958594792e-05 6.40976020767e-05 -7.80042843897e-05 5.80190327941e-05 1.89848773661e-05 -2.24300666166e-05 -1.81470038765e-05 -1.92780082497e-05 8.73533842164e-05 -0.000120329796914 2.99462503483e-05 5.63014231018e-05 4.92129543426e-05 -4.53920593764e-05 -4.4076590589e-06 -7.68420051284e-06 5.15866797494e-05 -1.40147578177e-05 -1.33599631861e-05 -1.42078237145e-05 -2.91665989865e-06 1.25838120587e-06 -1.38136651076e-05 -9.87162563313e-05 6.87919417651e-05 -2.82460522797e-06 -8.03620491247e-06 -3.24579270872e-05 1.38167026976e-05 -3.88500440857e-06 6.1736275412e-05 -2.02586060719e-05 2.50205406071e-05 3.34884649329e-05 -4.19472592723e-05 
4.49745872482e-05 -5.09290443232e-05 1.58684915344e-05 -2.28088510343e-06 5.88202621436e-06 -5.10676211491e-05 -9.44612844396e-06 -0.000129330517283 -0.000142548342432 -0.000164345495221 -0.00078918317432 0 -0.000819807458976 -9.90771714993e-05 -0.0001308130701 -3.82674408551e-05 -4.9858392601e-05 -6.35857568722e-05 1.87727908052e-05 -9.3871235727e-05 -1.88932189595e-05 -1.70775548587e-05 -1.17127666735e-05 -1.07860344224e-06 4.49156714182e-05 3.58492757648e-05 1.41303530252e-05 -3.78447289278e-05 -1.19611887862e-05 6.67345897196e-05 -1.48478049257e-05 -2.04039739425e-05 3.61774872195e-06 -6.81099710572e-06 -2.72774170271e-05 3.47651071816e-05 1.35074915703e-05 2.70548759915e-05 3.87746144162e-05 -2.98014472368e-05 4.96058760079e-05 -1.34492557895e-05 -2.32550472486e-05 -4.28579445494e-05 -3.88613225923e-05 -1.9595706459e-05 9.01253527109e-06 3.21711288798e-05 4.80993054704e-06 -8.20417715378e-05 -1.12345437439e-05 0.000104365454018 -0.000105739431759 1.06855999506e-05 5.8935750098e-06 -5.80511683784e-05 3.85620371978e-05 -3.96983854302e-05 2.14526591828e-05 -2.12631379719e-05 4.18855392014e-05 -4.66942783664e-05 1.76183877213e-07 2.1152387029e-05 4.72192988338e-07 7.31720363469e-05 7.89680430369e-05 -3.58953240948e-05 5.27544139807e-05 9.03004033264e-06 -1.86504310657e-05 5.07335345875e-05 -4.15224451062e-05 3.22687370673e-06 -8.33749788343e-05 -9.21730134644e-06 1.88368595731e-05 -4.90931286487e-05 9.42807933189e-05 
-4.77457398888e-05 1.80400338765e-05 -3.59568758638e-06 -2.11530887074e-05 -1.56750246743e-05 -7.88314035639e-07 -6.41922291079e-05 -4.05103305736e-05 -1.49070199281e-05 -0.000124441372633 -0.000125315417738 -0.000819807458976 0 -0.000697551003936 -0.00017973198576 -0.00017356786685 -6.27748805013e-05 -6.96924307569e-05 -4.52859769842e-05 -8.83965970531e-06 -4.62863090497e-06 -5.50512365303e-05 5.87039366877e-05 -4.42440478177e-05 -3.62409378231e-05 1.85230181343e-05 -2.07534799817e-05 -3.12282163232e-05 -1.05751485758e-05 2.59876110261e-05 -1.87343583873e-06 -1.15341406127e-05 -1.47915946789e-05 -2.48608704667e-05 -4.03524569804e-06 -3.5692818277e-07 1.23408422198e-06 -3.39486468292e-05 -3.62474324821e-05 1.6812532084e-05 -6.65902633092e-05 1.27587409475e-05 9.19186588215e-06 -4.22436300638e-05 5.85864352969e-05 -6.64961724641e-05 6.66412969876e-05 -1.95371923161e-05 9.50968856814e-06 0.000113739985761 1.23786155305e-05 -5.78680813443e-05 4.47480155343e-05 3.6996687879e-05 2.55308315004e-06 6.72799966943e-05 -9.38101747555e-05 8.82971204491e-05 -4.24902677705e-05 3.15571498228e-05 -2.02923848657e-05 -4.95556847232e-05 -5.16163014129e-05 -9.11948017735e-06 0.000103075136063 -5.1385188013e-05 -9.08786860895e-06 3.51814495989e-05 -4.34969322924e-05 5.27175638552e-05 -3.52037157941e-06 -7.80533759296e-06 -2.57956603226e-05 4.01047247298e-05 -1.13923064969e-06 -1.43999600957e-05 3.53560019484e-05 4.56686513817e-06 -2.15894908525e-05 
-7.95024534862e-05 -1.09941273638e-05 -4.02684996182e-05 -1.44389072263e-05 2.45186409421e-05 -2.27019759828e-05 4.9799449717e-05 -2.84971755377e-05 -8.89937094833e-05 -8.16578786387e-05 -8.67616098838e-05 -9.90771714993e-05 -0.000697551003936 0 -0.000754104196957 -0.000134871111299 -0.000143034422326 -3.74771174772e-05 -0.000109322056979 -1.58871559498e-05 -6.31600452199e-05 4.29555745852e-06 -5.11749198233e-05 2.43016682308e-05 -2.21101570413e-05 2.03348874934e-05 -8.10175363614e-07 2.33446254775e-06 -2.25358478074e-05 7.19804580147e-05 -4.17877800117e-05 -8.08690620463e-06 -7.94677907416e-05 9.25891077326e-05 -6.85800161131e-05 1.17653272665e-05 -1.16036778611e-05 2.16533814287e-05 -1.72362245781e-05 2.77604049295e-05 1.87027738151e-06 -2.72955535274e-05 -9.02141784714e-06 -2.59964359346e-05 -5.04758628766e-06 4.15358590165e-05 2.30681231711e-06 -1.61634679838e-05 -3.88996841269e-06 1.04191038429e-05 -7.06083656381e-06 3.5383650249e-05 -5.14102197786e-05 -7.85644994648e-06 -9.90626090938e-05 -1.05713183492e-05 -1.08650171817e-05 1.17855274928e-05 -6.33567336798e-05 6.53504976968e-05 -4.68802746078e-05 2.69257025965e-05 3.11462848893e-05 1.03131679483e-05 -4.36711048907e-05 3.25273212822e-05 -5.09872183787e-05 8.0930347336e-05 -3.47240073757e-06 2.23890763247e-05 5.8398407649e-05 -1.32960923652e-05 5.37655001914e-05 -4.29951701023e-05 -0.000110190378693 3.31239046922e-05 -9.48627756035e-06 6.18722865091e-05 -1.04606936309e-05 
-3.87738919114e-06 4.55447941852e-05 3.51763343865e-06 -6.77500153058e-05 -2.57812857617e-06 3.12693477206e-05 -4.17630026656e-05 -3.93022752937e-05 3.0259594432e-05 -0.000114083507461 -0.000121578616463 -0.0001308130701 -0.00017973198576 -0.000754104196957 0 -0.000624793985554 -0.000180480682949 -0.000171846983795 -5.47441574083e-05 -8.04208483451e-05 3.39797236586e-05 -7.94964886542e-05 -2.6573486596e-05 -5.33624588128e-05 -1.79340997799e-05 2.00004535736e-05 3.37725188778e-05 -1.34733462858e-05 3.36147589786e-05 -1.71035624201e-05 2.97711173342e-06 -7.22143257458e-05 1.86436535222e-05 -7.88681944063e-05 8.31535382814e-05 -8.00277743766e-05 3.57634239314e-05 3.24182519832e-05 -1.81146655391e-05 -1.68608696995e-05 -4.3229466681e-05 6.08512438039e-05 -3.23893931023e-05 2.82795887094e-05 5.70473727171e-05 -5.84429242847e-05 -4.36550664181e-05 9.35232075205e-06 1.36671451249e-05 -4.16397680934e-05 -2.49392362214e-05 -2.19353001364e-06 2.62612633182e-05 -3.96531029897e-05 4.07401670119e-05 3.48229301197e-05 -4.80498156732e-05 3.07300380452e-05 -2.57203502852e-05 5.60158467156e-07 3.18401775943e-05 -9.05482534241e-06 -3.19639661884e-06 -3.61511934981e-05 -1.46009370672e-05 2.31989150517e-05 -2.58040916152e-05 -2.16597545219e-05 4.00763625984e-06 2.35992162917e-05 -1.70751092135e-05 3.95868936032e-06 -5.63372880788e-06 9.95631235974e-06 0.00010864272182 -3.45165450095e-05 1.16398625063e-05 -5.53772407186e-05 -3.83658436998e-05 
3.71357376357e-05 4.13276153251e-05 2.17489306205e-06 2.02295335114e-05 2.95104480803e-05 -7.90714994303e-05 4.18501577412e-05 1.92970489143e-05 -4.13247085989e-05 -3.03087601991e-05 -0.000103141556968 -3.82674408551e-05 -0.00017356786685 -0.000134871111299 -0.000624793985554 0 -0.000718489126263 -0.000190844606339 -0.000139712469915 -6.09390131353e-05 -0.000103385153601 -4.4461413483e-05 -3.34937269794e-05 -1.16673812271e-05 -1.83819540396e-05 -3.37702198024e-05 -3.69655177361e-05 1.87560177688e-05 2.32411275073e-06 7.52216331293e-06 1.66812041072e-05 -1.311292688e-06 -1.57233792801e-05 -1.22641462997e-05 1.84602811057e-05 -4.55066572703e-05 5.54173209002e-05 -6.50053199698e-05 -3.67791450121e-05 9.3454825214e-05 -2.57606647261e-05 -1.43778195076e-07 1.96519674387e-05 2.10350061141e-05 -2.84018963205e-05 -4.64968977301e-05 5.26777084873e-06 -1.79497981246e-05 3.08088531502e-05 2.96226609645e-05 -3.71979822889e-05 1.32453401894e-05 -4.36772723896e-05 2.86107929404e-05 6.8697590247e-05 -0.000105475744715 8.4717079542e-05 -1.58176145766e-05 7.94113407638e-06 -2.05535352655e-05 3.72945577341e-06 2.25698809797e-05 2.5235219395e-05 4.95738370774e-05 -2.62789189938e-05 -2.12593755804e-05 8.46446895196e-05 -4.9154070295e-05 -2.36591567795e-05 -2.65923076705e-05 -7.74428939621e-06 2.01188112429e-05 -5.47712069443e-06 1.46472045015e-06 -2.66164192543e-05 4.871315424e-06 8.9895523351e-06 -3.73490054649e-05 7.83140480166e-05 
4.85941764667e-05 -0.000106135010304 2.17657568503e-05 -9.61966368313e-06 -7.26443802639e-05 5.08146636915e-05 8.53199703652e-06 -4.32298032993e-05 -2.67755817085e-05 -4.11848790832e-05 -1.1366783093e-05 -4.9858392601e-05 -6.27748805013e-05 -0.000143034422326 -0.000180480682949 -0.000718489126263 0 -0.000787384571895 -0.000142260324349 -0.000195402037198 -5.4526298593e-05 -1.25526510682e-05 -5.0501025646e-05 -4.44833304988e-05 -2.20178024139e-06 -3.17905554885e-05 -2.93106606635e-05 2.17929216496e-05 -3.88902395317e-05 4.62440266934e-06 -3.77457681574e-05 -1.41870005545e-05 4.98099624132e-05 -1.10415441003e-05 -1.61077057349e-05 -4.283097967e-05 3.37209090719e-05 1.10871223792e-06 4.89072189444e-05 -8.46801222664e-05 2.98001116389e-05 2.62666898016e-05 -1.88529059645e-05 2.1147649246e-05 -2.87167548644e-05 6.1409302523e-05 1.79598142523e-05 4.32906668588e-05 -8.49062122957e-05 2.59292302027e-06 2.93526759601e-05 -2.17349244579e-05 1.78533072479e-05 -2.59102516955e-05 -7.05753296592e-06 8.48755600048e-05 -9.15736913255e-05 -1.28722792371e-05 2.53433041941e-06 8.14650867844e-05 -3.85340038474e-05 4.38575803839e-05 3.51187405534e-05 -7.74205644585e-05 3.44823854746e-05 3.00279196549e-06 -3.63601229113e-05 3.16635162627e-05 -3.36263776301e-06 -2.61171124804e-05 -5.1314656228e-05 3.38390955327e-05 2.3130644118e-06 -3.32847970514e-05 6.78856542529e-05 5.03748591323e-05 1.36591207818e-05 -8.24889314048e-06 -4.45991848794e-06 
-4.84584106192e-05 3.08356859686e-05 -2.29525674087e-06 2.44886894291e-05 -5.26570706023e-05 -1.88167016237e-05 -8.12111768744e-05 2.27206317015e-05 1.63334941422e-05 1.98026570177e-06 5.34326754985e-05 -6.35857568722e-05 -6.96924307569e-05 -3.74771174772e-05 -0.000171846983795 -0.000190844606339 -0.000787384571895 0 -0.000747655145885 -0.000120479025423 -0.000145031192013 -3.69133754856e-05 -4.07115562312e-05 -3.45785038545e-05 -6.68467360439e-05 -6.01641185206e-05 -1.62413208986e-05 2.67644613716e-05 -2.51145481547e-05 -9.52238545932e-05 -4.88389795868e-06 -2.22111031042e-05 -2.79433923684e-05 4.0069500564e-05 -5.83902037944e-05 9.93208051544e-05 -4.9192667341e-05 4.19327388697e-05 3.31271328864e-05 4.15014373058e-05 -6.81484587589e-06 -6.21271500711e-05 -8.8974915435e-06 -3.03653220556e-06 1.51276279288e-05 -4.58471806923e-05 7.32471966924e-05 -1.81285957424e-05 1.54138535005e-05 1.51120019604e-05 -2.57482791644e-05 2.98352132003e-05 -3.85653179e-05 5.1303336446e-05 -4.2489019017e-06 -5.0400807543e-05 -2.15710136442e-05 1.18622835956e-05 6.70624651494e-05 -2.74554583622e-05 3.43678525155e-05 -8.35208982538e-06 -5.92671320288e-05 2.59211090666e-05 -1.69700810472e-05 -5.24940696009e-05 1.67110799174e-05 1.49061497972e-05 -5.40532675448e-05 6.86322964395e-05 3.03972837392e-05 -3.59137126797e-05 7.66709435197e-06 1.30588162991e-05 -3.39557227934e-06 -6.81598928497e-06 -9.18010205511e-05 1.73824460282e-05 -8.56740834938e-05 
1.48636027201e-05 -3.43812876461e-05 4.14389159806e-05 -1.46262152226e-05 3.19318789107e-05 1.67671765713e-05 -3.22573171055e-05 -2.53637686197e-05 -3.10646703154e-05 6.53491193291e-05 -7.36644193435e-05 1.87727908052e-05 -4.52859769842e-05 -0.000109322056979 -5.47441574083e-05 -0.000139712469915 -0.000142260324349 -0.000747655145885 0 -0.000717675865146 -0.000180484597894 -0.000196203181117 -4.9215717582e-05 -1.94235771806e-05 -1.12864739822e-05 -5.79867127878e-05 1.45163913748e-05 3.40884739888e-07 4.58768615292e-05 -6.96761428838e-05 6.18435558778e-05 -2.44098447604e-05 3.77902521705e-05 -2.59735120311e-05 -1.19204772213e-05 -2.45435408013e-05 1.11378378123e-05 9.2171787725e-06 -2.49759646286e-05 -3.39311274836e-05 1.80599097752e-06 4.94586531949e-05 -4.48604146879e-05 1.17875935115e-05 5.46994302813e-06 8.38121334721e-05 -7.00453692788e-05 2.32388084524e-05 4.98992439921e-06 -4.799169595e-05 -6.46820677315e-05 1.78775008285e-06 8.94728285158e-06 -8.22353408465e-07 2.56310623253e-05 5.24043137986e-06 2.31702052303e-05 -1.24962352837e-05 1.53522916783e-05 -5.5533189452e-05 -8.16142212814e-05 3.7989154917e-05 3.92414105138e-05 -2.79931832746e-05 3.15779844513e-05 7.20885164948e-06 3.34914868235e-05 3.24325524592e-05 -2.40823546886e-05 -2.33012840413e-05 -6.46728066389e-05 4.45667572096e-05 -4.57768233155e-07 1.17861869465e-07 -5.14278003746e-07 -1.09449557174e-05 1.37624666689e-05 5.622374186e-05 -8.77768542548e-05 
2.03118459279e-05 -7.50827135891e-06 -5.77151840613e-05 2.99773490478e-05 -1.61298871667e-05 1.56626426178e-05 1.77177870394e-06 -2.95443122127e-05 3.67879171131e-05 2.92941412379e-05 -5.60836312473e-05 -9.3871235727e-05 -8.83965970531e-06 -1.58871559498e-05 -8.04208483451e-05 -6.09390131353e-05 -0.000195402037198 -0.000120479025423 -0.000717675865146 0 -0.000638222347464 -0.000100708491551 -0.000126095774985 -0.000135171214126 -5.05164233635e-05 -1.79798965605e-05 -2.53304920707e-05 -5.23278921383e-05 -8.09998535839e-05 3.55879664818e-05 -9.22924459537e-05 9.7771598749e-05 2.16787217633e-05 -3.84007356847e-05 2.27253815849e-06 -2.18436049408e-05 -1.60764633399e-05 -2.26298379938e-05 7.17322762484e-05 1.15717299663e-05 2.14798158548e-05 -7.05884031973e-05 1.00380596987e-05 2.19090906202e-05 -5.43919859746e-05 -1.80261185165e-05 4.21978783847e-05 -8.84286914711e-06 -1.22051973296e-05 2.35406572148e-05 4.60785778221e-05 -5.94184757291e-05 9.30403623098e-06 -1.1657056247e-05 1.44789298543e-05 -2.68942864862e-05 4.44143952798e-05 2.6501953488e-05 7.30798457724e-06 6.75396592722e-05 -2.89306009758e-05 -3.8172078072e-05 3.69959094331e-07 3.15853576842e-05 -7.57015679695e-05 -2.31225287071e-05 -6.11330394462e-05 2.06402635458e-05 2.97416716224e-05 5.58265541564e-07 3.80625790367e-05 2.81491907056e-06 -9.13011582644e-07 2.06867623001e-05 -7.75022361584e-05 5.41453078203e-05 1.07959769163e-05 -4.30957821915e-05 7.42532566401e-05 
-8.48522145068e-07 3.57635773687e-06 6.06901014536e-05 -1.15856298942e-05 -1.00335838403e-05 -1.03318735494e-05 1.85981405039e-05 -4.89008004158e-05 -5.65939472541e-06 -5.62079147816e-05 5.07602732524e-06 -1.88932189595e-05 -4.62863090497e-06 -6.31600452199e-05 3.39797236586e-05 -0.000103385153601 -5.4526298593e-05 -0.000145031192013 -0.000180484597894 -0.000638222347464 0 -0.000724551131894 -0.000145654722871 -7.54358774298e-05 -9.12597080394e-05 -6.18323960007e-05 -6.32768054516e-05 -2.91778987468e-05 -4.52166464674e-05 -1.791028524e-05 -2.09456776973e-05 1.17273321744e-05 -7.06331604359e-06 -4.34527881141e-05 5.91250167445e-05 5.23059666556e-05 -6.67581983573e-05 5.81337264849e-05 -0.000120540862093 2.76783294493e-05 -3.44734612186e-05 -2.99903437094e-05 9.15303843123e-06 -4.18506757466e-06 -1.06452623961e-05 -8.12090066325e-06 -6.35926009979e-05 4.88620205721e-05 5.59106952378e-06 5.79969130977e-05 -5.98919631469e-05 1.70219180193e-05 5.38264982938e-05 -2.49250708306e-05 -0.000105548975732 -2.41262078286e-05 5.66311500863e-05 1.52140491582e-05 -5.15597834317e-05 -6.65392571194e-06 7.57171999676e-05 7.32831832351e-06 -3.41380880292e-05 3.82769468717e-06 4.08623282863e-06 3.95791167024e-05 -7.19972507014e-06 -4.0891682302e-05 4.17171555377e-05 -1.73730687372e-05 -8.55510397481e-05 -7.45328656037e-07 1.48887947309e-05 4.20555220139e-06 -2.68385356907e-05 -2.45753229495e-06 7.90761354389e-05 1.88641257466e-05 -9.24773437948e-06 
9.21096377713e-05 -6.73630846447e-05 -6.26573315516e-05 3.17782863156e-05 -7.02989778935e-07 -2.85079897874e-06 6.04203394887e-06 1.51295794384e-05 3.10415660738e-05 3.38966761863e-05 -5.45066504831e-05 -1.70775548587e-05 -5.50512365303e-05 4.29555745852e-06 -7.94964886542e-05 -4.4461413483e-05 -1.25526510682e-05 -3.69133754856e-05 -0.000196203181117 -0.000100708491551 -0.000724551131894 0 -0.000667142374261 -0.000151421394528 -0.000142295770533 -7.83474683569e-05 -6.63219531055e-05 -5.26248014526e-06 -2.35033562391e-05 -7.77082533926e-05 5.10991137998e-05 -6.77991369281e-05 -6.77655733654e-06 -1.66620901285e-05 -1.04838926931e-05 -3.39688930356e-05 5.25454909369e-05 -2.17936417803e-05 3.99165813685e-05 -2.11116965219e-05 6.00582099635e-06 6.14100494576e-07 1.44948750259e-05 2.72007722776e-05 -2.87562175258e-05 1.69216020694e-05 4.67258698871e-05 2.56791699651e-05 -3.81841660841e-05 -0.000108892834847 0.000105682498212 -1.48500521258e-05 -3.68559337045e-05 -3.10596409755e-06 7.52813103603e-07 -3.41873478696e-06 5.1894968425e-05 -1.90358341471e-05 -2.71098558879e-05 -1.11272736417e-06 3.94941322266e-05 8.10141605371e-06 -7.10510512818e-06 3.59176044118e-05 7.64067480688e-06 -9.14778695613e-06 -3.16005428205e-05 3.79575233205e-05 -4.62166512938e-05 8.54656286287e-05 2.39085740161e-05 1.5857597947e-05 -2.86900405113e-05 -3.77097474818e-05 6.46352242655e-05 -5.38141394227e-05 -1.47691755053e-05 -1.23263340458e-05 -7.2891349516e-05 
5.44806002615e-05 0.000108051988236 -2.26644836166e-05 -1.52074376675e-05 -8.60092303934e-05 -5.26464165498e-05 1.12032690048e-05 4.52227507057e-07 -1.66262286644e-06 1.35921683566e-05 -9.14783180694e-06 -1.17127666735e-05 5.87039366877e-05 -5.11749198233e-05 -2.6573486596e-05 -3.34937269794e-05 -5.0501025646e-05 -4.07115562312e-05 -4.9215717582e-05 -0.000126095774985 -0.000145654722871 -0.000667142374261 0 -0.000765851501751 -6.75163614159e-05 -0.000214709631822 -9.7628759158e-05 -0.000110628742023 -4.06794158265e-05 4.06840876877e-05 -5.30429378888e-05 3.3992646438e-05 -2.96848623127e-05 -5.98919542322e-06 -4.81882276991e-05 1.47446229989e-05 -5.25213623495e-06 -5.66448485494e-06 5.23661949841e-05 -6.48872105815e-05 3.26632372749e-05 3.86890414715e-05 -2.36129541307e-05 1.84807127835e-06 -4.3413068945e-05 2.42997086607e-05 1.54249784923e-05 -3.04452600567e-06 -7.19877532127e-07 1.87888120038e-05 1.21926101221e-05 -5.76200800143e-05 3.10833153055e-05 -4.11164192187e-06 6.30454131559e-05 3.68552819867e-05 -2.42320346722e-05 2.8358447187e-05 2.16123988107e-05 -4.68221453362e-05 2.09359791425e-05 -1.0039188163e-06 -4.89408100492e-05 -3.97010920935e-06 1.6393424939e-05 -2.16095191043e-05 4.1974204691e-05 -6.08736873689e-05 -2.18976559839e-05 -1.09903394856e-05 1.89795649228e-05 2.6046213489e-05 1.83812456886e-05 -4.35797402826e-05 -3.30441502532e-07 4.2700557916e-05 -2.94813045956e-05 5.35727738694e-06 2.72966205233e-05 
-0.000116256678578 1.09261310339e-06 4.13083140262e-05 -3.06365159663e-05 -3.71782937712e-06 2.06503949827e-05 3.09504397552e-07 -2.8015457725e-05 -6.52848626895e-05 1.21873976835e-06 8.74323345901e-05 -1.07860344224e-06 -4.42440478177e-05 2.43016682308e-05 -5.33624588128e-05 -1.16673812271e-05 -4.44833304988e-05 -3.45785038545e-05 -1.94235771806e-05 -0.000135171214126 -7.54358774298e-05 -0.000151421394528 -0.000765851501751 0 -0.000773703517042 -0.000162270037003 -9.91163976034e-05 -3.85697118631e-05 -3.97291747898e-05 -8.68655646649e-05 -2.33341246152e-05 -4.53833875674e-05 -3.82967421421e-05 5.20648592004e-05 -7.93362680049e-05 -1.76481303384e-05 -2.02741248987e-05 -9.94158356099e-06 -5.4045691923e-05 4.4714292397e-05 8.69981914425e-05 -3.83413647954e-05 -2.50828772461e-05 -3.34039764309e-05 1.72125768159e-05 3.11856605675e-06 -9.84708707412e-06 -8.29591920449e-06 -9.52484572056e-05 2.8464015558e-05 -5.32662542143e-05 2.31806933859e-05 2.34414235272e-05 -3.73601992385e-05 5.79037328423e-05 -2.91579643818e-05 3.16805299074e-07 -2.78289806462e-05 4.99456936292e-05 7.47704201136e-06 -6.79669946184e-07 -3.17950855989e-05 3.12129757179e-05 3.58483404487e-06 -1.7435565516e-05 1.31056142777e-05 -1.6399749754e-05 8.6095068958e-05 -2.55549120057e-05 -1.25778115202e-05 6.90065543261e-06 -2.69904559079e-05 -3.01921974842e-05 1.79183654307e-05 6.28816632014e-05 -6.14305517981e-05 2.90673785316e-05 -3.95968470465e-06 -1.87634103807e-05 
-1.05157679594e-06 -6.94559523958e-06 -4.28551244927e-05 2.90691511501e-05 3.30601334039e-05 1.16091227802e-05 -4.03987248698e-05 1.43185983415e-05 1.89462334349e-05 8.09338538417e-06 9.95277059219e-06 4.49156714182e-05 -3.62409378231e-05 -2.21101570413e-05 -1.79340997799e-05 -1.83819540396e-05 -2.20178024139e-06 -6.68467360439e-05 -1.12864739822e-05 -5.05164233635e-05 -9.12597080394e-05 -0.000142295770533 -6.75163614159e-05 -0.000773703517042 0 -0.000705307419258 -8.64004696473e-05 -0.000177104121839 -6.18054350675e-05 -7.54282009637e-06 -3.25767691112e-05 -6.23898298927e-05 1.35627026123e-06 -4.45174212277e-05 1.73177725474e-05 -2.04248959764e-06 -5.99748308853e-05 3.06756605529e-05 -1.05905205603e-05 -6.09920726508e-05 -7.28394096285e-07 1.94511486393e-05 8.0313693819e-05 -9.90038660077e-06 -3.59038662355e-05 5.16217111062e-05 -5.88140603437e-06 -4.79191518574e-05 5.27670405104e-05 -2.85973898911e-05 3.26413997155e-05 3.64399586362e-05 -4.59814887322e-05 -3.12282845291e-05 -6.12728464669e-05 5.4370423561e-05 -6.91875350985e-06 1.71664401977e-05 4.65287642373e-05 -3.58898781555e-05 -2.5498694637e-05 -3.2312398767e-06 1.90089107179e-05 -1.44101123005e-05 1.19849550435e-05 1.33204511076e-05 5.57210601744e-06 -1.70410573478e-05 1.08506465361e-05 -3.35025928326e-05 -1.97949548359e-05 -5.5848919542e-05 3.76330310505e-05 4.53744556475e-05 -5.68234947157e-05 8.11049580891e-06 -1.44376928621e-05 -1.60217582205e-05 2.00593928092e-05 
-2.51627059131e-05 -3.62985347554e-05 3.67046610836e-05 -3.18261303793e-05 -1.42394525431e-05 -4.91665576256e-05 1.62490156862e-05 3.38071653988e-05 -7.3785118915e-06 -1.21518168559e-05 3.56162551776e-05 3.58492757648e-05 1.85230181343e-05 2.03348874934e-05 2.00004535736e-05 -3.37702198024e-05 -3.17905554885e-05 -6.01641185206e-05 -5.79867127878e-05 -1.79798965605e-05 -6.18323960007e-05 -7.83474683569e-05 -0.000214709631822 -0.000162270037003 -0.000705307419258 0 -0.000639529857422 -0.00013627685269 -0.000145665938627 -8.07022658425e-05 -0.000107361690657 -8.15179166458e-06 2.87847143405e-05 -3.03454211831e-05 3.09444886656e-05 -1.37850260897e-05 9.63997635973e-06 -5.87368824818e-05 3.89959960324e-06 -2.96801911284e-05 -3.21392875425e-05 -7.82144614247e-05 0.000106934892042 -5.60779137509e-05 6.99913445211e-05 1.49988269416e-06 1.70058020218e-05 -6.13212940998e-05 4.54787648614e-05 -2.20824658765e-05 1.77114805168e-07 -5.22971369257e-06 2.88748136715e-06 -1.95682589379e-05 -7.86591634532e-06 -5.17220162968e-05 8.93430557379e-05 -3.20270806662e-05 -6.32970797438e-05 6.08027403684e-05 -2.48144780697e-05 3.04519801731e-05 5.18998764993e-05 -5.99377271762e-05 1.60559760396e-05 4.18454915064e-07 -6.25651569664e-05 -3.73816645386e-05 3.68882582553e-05 3.50308591166e-05 3.79077960209e-05 5.2486733061e-05 -5.49510445456e-05 -8.63740207007e-06 -4.84306288797e-05 -1.26640123919e-05 5.15155206508e-05 -3.78110334428e-05 8.61965956602e-05 
-5.91672732327e-05 -3.55762101727e-05 -2.20967382597e-05 -1.39003200902e-05 7.90397732367e-05 -5.21226779022e-05 2.48554344752e-05 1.11552402999e-05 5.23510163864e-05 6.13913977099e-06 -7.54095487023e-05 1.41303530252e-05 -2.07534799817e-05 -8.10175363614e-07 3.37725188778e-05 -3.69655177361e-05 -2.93106606635e-05 -1.62413208986e-05 1.45163913748e-05 -2.53304920707e-05 -6.32768054516e-05 -6.63219531055e-05 -9.7628759158e-05 -9.91163976034e-05 -8.64004696473e-05 -0.000639529857422 0 -0.000697603627482 -0.000160341833631 -0.000126648500802 2.04952831624e-05 -5.23853222608e-05 -8.5254971137e-05 -4.65529607936e-05 -0.000139281631565 -9.69330358929e-06 -3.812302067e-05 2.25682120071e-05 -1.28593155827e-05 -1.35437442239e-05 -2.05490300383e-05 3.54183872246e-06 -1.09878085792e-05 4.9360929054e-05 -3.48102051829e-05 4.1953838135e-05 4.20680499785e-05 -5.74840349716e-05 -1.82005276575e-05 6.93242587125e-05 -4.84417243721e-05 6.0374912407e-06 -5.23824788976e-05 -4.11308767232e-06 1.6456870503e-05 1.25558962713e-07 -2.72995204636e-05 1.17405417629e-05 1.18963502396e-07 6.89162960832e-06 -1.67825193035e-05 -2.33381815355e-06 -9.23667261385e-06 1.7267256494e-05 6.48438053925e-06 -4.90513057573e-05 3.68328414627e-05 3.7256759267e-05 -8.35239623846e-05 6.66938696588e-05 -1.79119040727e-05 3.32450194253e-05 2.37512358229e-05 2.27025782462e-05 3.03403628714e-05 -1.4844481987e-05 1.85103308223e-06 1.33758286945e-05 -2.39794474094e-05 
