0 -0.00109157876026 -0.000179484635214 -0.000180911618058 -0.00013584591971 2.75737793213e-05 -5.38550395234e-05 -1.13149082644e-05 -0.000103435744776 1.72355959128e-05 3.37801454636e-06 -8.55557201493e-05 -1.45358056424e-05 2.97311511678e-05 4.18559923516e-06 3.57966387729e-05 -1.68709548862e-06 4.35283389207e-05 -6.25011871885e-05 -2.44823918667e-05 3.13059615229e-05 4.55712981257e-06 6.86735574198e-05 3.01050965121e-05 -3.79994342899e-05 -6.27965733739e-05 4.64688011063e-05 9.19030570224e-05 4.80484070158e-05 3.62219183862e-05 -9.80482955626e-05 -1.3352305956e-05 2.53401508615e-05 -4.68955334617e-05 -2.65591957892e-05 -1.44185398252e-06 -5.58004604499e-05 7.9248122932e-05 -5.09062894431e-05 6.78181802422e-05 6.64267251051e-05 -6.91896548572e-05 5.8326596542e-05 3.2360567544e-05 -2.63887445796e-05 -7.86779674667e-05 -3.59462654448e-05 1.18518875637e-05 -5.18836367976e-06 -2.13074080621e-05 4.92647750813e-05 -8.28877028401e-05 7.44436475282e-05 2.09203981616e-05 6.20034837547e-06 -6.63854630509e-05 -2.7824709069e-05 -1.00238432156e-05 -4.06536307932e-05 8.56083380399e-05 4.81727188892e-05 2.64605509872e-06 -2.0543935825e-05 -1.07756561651e-05 3.22465284991e-05 -5.60500994472e-05 5.55387992922e-06 4.45573510718e-06 -3.64112411499e-05 6.66062069105e-06 1.86711266678e-05 1.01670077662e-05 -4.18255120507e-06 8.2810901253e-05 -3.19824628092e-06 -7.89272179856e-05 -1.3877263868e-05 -5.82190529827e-05 -8.41469383571e-05 0.000101271000944 -3.17279377785e-05 5.45926336181e-05 -2.99753439989e-06 6.2983824341e-05 -2.9242469094e-05 8.31457216599e-06 -1.54531841553e-05 -3.16199840909e-06 -1.82468060453e-05 8.053425597e-05 2.38839726414e-06 -4.52743869417e-05 5.74686831148e-06 6.84670754594e-05 -6.87073800456e-05 -4.00825446447e-05 2.63975476681e-05 -4.11169362039e-05 4.77697636952e-05 3.81046265047e-05 -0.00011706475298 -4.28184057588e-05 9.67870309197e-05 1.49173053671e-05 8.44957599416e-05 -7.98614183202e-05 4.75890897793e-05 7.95008454571e-06 -9.67809733566e-06 -4.77697503357e-05 -2.76981053948e-05 6.6082757591e-06 -5.91328373516e-05 9.86701134279e-05 3.57666699415e-05 -7.6700326693e-05 1.79611023753e-05 -7.72653650361e-05 6.77019723776e-05 
-0.00109157876026 0 -0.000896504598209 -0.000108587046564 -0.000262209416948 -4.47541926526e-05 4.00974452841e-05 1.57727766527e-05 2.55747222989e-05 2.90725521148e-05 -0.000101364841413 -1.89186927798e-05 -1.97025103236e-06 2.07233463685e-05 -2.29314622079e-06 -3.25522760528e-05 1.69837432039e-05 -2.70743212719e-06 5.30777887978e-05 -6.7671589036e-05 1.03652066404e-05 -5.01338485768e-05 -2.43201476444e-05 6.30508755665e-05 -4.82185288689e-05 2.12382076539e-05 3.6184288744e-05 -4.36820247436e-05 -1.97702327007e-05 2.83670579494e-05 -8.96708782319e-05 6.49955555852e-05 -5.01211371628e-05 -7.28326419313e-06 -3.68118123522e-06 1.73199717575e-05 7.04518823389e-05 -4.74427275451e-05 -4.21700063193e-05 2.87233856933e-05 -1.9849079779e-05 3.75853315109e-05 1.48294315379e-05 5.8394354895e-06 5.20967806885e-05 1.54599991058e-05 7.80383710112e-06 -3.53838440206e-05 2.49904491991e-05 8.07845553619e-06 -3.42705631693e-05 0.000118374008071 -1.71158118811e-05 -1.98416959177e-05 -5.78833334328e-05 -0.000120930212752 -3.55319479844e-06 3.8462650343e-05 -2.13222843291e-05 -1.83575137613e-05 2.95034040148e-05 4.65419386824e-05 -1.14132852174e-05 1.73959745234e-05 -3.14105518706e-05 -1.78812761371e-05 -5.95203082486e-06 3.73837987005e-06 6.1688829146e-05 -5.82841500258e-05 -1.09041506585e-05 2.12776820845e-05 -1.79661449068e-05 -5.14607181443e-06 2.55847550657e-05 -1.46570302576e-05 3.72585529291e-06 5.45496801376e-05 1.23893679242e-05 -0.000113036435604 2.51551028589e-05 1.29611935802e-05 9.57656674119e-06 -2.52316840676e-05 8.56087350741e-05 -2.33583693131e-05 6.14024197768e-05 -2.52710549116e-05 -5.67565032525e-06 -7.06742079463e-05 -3.85805849317e-05 -2.78099188425e-05 5.45281339935e-05 4.47685040051e-05 -4.86950849224e-05 2.00926477557e-05 9.63261237586e-06 1.01105370845e-05 -4.78349823297e-06 -1.41527851756e-05 -2.59794489688e-05 4.60171546024e-05 4.22638335616e-05 -7.30193503633e-05 8.84008065476e-07 2.2021681023e-05 3.95089897222e-05 -4.11262508891e-05 -4.32550157838e-06 5.67778119208e-05 -2.51453638774e-05 4.68957667015e-05 -3.21678695452e-05 -1.55533626395e-05 -1.43331711692e-05 1.98242157025e-05 1.42838784298e-05 1.20316534215e-05 -4.19917173758e-05 
-0.000179484635214 -0.000896504598209 0 -0.000923957178237 -0.000160848682275 -0.0001749290779 -6.78303117056e-05 -4.59537118121e-05 -3.72312001795e-05 -7.69844026698e-05 5.59903413926e-06 -2.67839045012e-05 -5.53617177729e-05 2.35218838351e-06 1.75513653606e-05 -6.21956420275e-06 9.65362566961e-06 -3.44299817286e-05 2.68582661941e-05 -5.06167408159e-05 2.72072120634e-05 2.34738728059e-06 4.16259039423e-05 -2.23950044911e-06 -2.02747850254e-05 -2.62653911876e-05 -1.04191010455e-05 2.09945747023e-05 -4.8591135224e-05 -4.02264831997e-05 6.67772460577e-05 -1.46977855434e-05 -7.42629819881e-05 9.5228450677e-05 -1.85440842964e-05 2.99306044738e-05 2.73175434857e-05 -9.27757026851e-06 -5.79231214728e-05 2.66088325175e-05 6.77760991001e-05 -6.63716986552e-05 -1.99757119505e-05 -2.43139691542e-05 -1.26775377951e-05 7.00495607338e-05 -2.43227230996e-05 3.57666846863e-05 6.18518081132e-05 4.77866129266e-05 -9.33247107104e-05 -7.16271196163e-05 -1.16177310273e-05 3.65944169627e-05 3.69461614782e-06 6.7259294562e-05 -3.4045138672e-05 3.16760921005e-06 -1.79154896844e-05 -2.17055358785e-05 7.23203646681e-05 3.98894489681e-05 -3.36637181068e-05 -3.05601943104e-05 1.46064521085e-05 -2.12863040827e-05 -3.83796070328e-05 9.22704742731e-05 1.53898218412e-05 -2.30412785057e-05 -3.27790672859e-06 2.06167308622e-05 -1.26820747264e-05 2.25281836102e-06 -6.26818275699e-05 -6.10156604538e-05 8.05270927242e-06 -5.79778323969e-06 -4.48031470324e-06 2.04441476156e-05 7.21737051771e-05 -3.02193690752e-05 -1.61621171511e-05 6.31709432705e-05 -7.0734906263e-05 2.13625414937e-05 3.78812490724e-05 -5.7409762263e-05 1.21980901805e-05 7.90453509625e-05 -2.56001396192e-05 4.87246677012e-05 -8.66611670735e-05 -2.43479415065e-05 -1.27347867302e-05 2.33109123642e-05 -0.00012291970776 4.74493349244e-05 3.43411247907e-05 5.80610445013e-05 -3.61342097549e-05 -1.47114943848e-05 2.25451664946e-05 1.26205187554e-06 -1.98981767329e-05 2.701515208e-05 -4.8700267688e-05 2.64089867312e-05 7.38643746115e-06 -6.3548039045e-05 2.70543064852e-05 1.93002844895e-05 1.29526231175e-05 -5.76539709311e-05 2.93115559919e-05 1.36337140489e-06 2.4423038154e-05 -3.47401019586e-05 -3.21632556404e-05 
-0.000180911618058 -0.000108587046564 -0.000923957178237 0 -0.000809568365453 -8.35298552413e-05 -0.000143552806935 -4.13723552221e-05 -0.000143357766285 8.56819504903e-06 -6.83166834072e-05 6.62032568926e-05 2.48140915734e-05 -2.35743097129e-05 8.47062548939e-05 -1.47368040969e-05 -3.30785789255e-05 1.19239182573e-05 2.90873356187e-05 -1.64088183838e-06 -2.09788663023e-05 -2.46315367721e-06 2.30685430124e-05 -6.96245669084e-05 9.18492461562e-05 1.52237615801e-05 -3.47349322647e-05 -9.46850420329e-06 -3.64169970118e-05 1.49688924161e-05 -9.70266266944e-06 -5.31990931529e-05 7.85574211545e-05 4.58870817679e-05 -8.29281008714e-06 1.57533849331e-05 -9.69406377554e-06 -1.76881571889e-06 1.85090170432e-05 -3.46570709923e-05 -2.72871645551e-05 2.36489629014e-06 -3.00622270377e-05 6.45277847659e-05 -4.06465163419e-06 3.78009637466e-05 -7.56727594344e-05 -2.05533806742e-06 -3.71672156366e-05 6.71656817513e-05 5.70844011153e-05 1.99972717613e-05 -8.84305510974e-06 -3.39438814978e-05 1.72284152519e-05 -2.51394201464e-05 -3.54924693153e-06 -6.86835385552e-05 3.96217055144e-05 3.40694454338e-06 6.63656502821e-06 2.21860008334e-05 -3.6429275565e-05 3.22341967139e-05 -4.17846042913e-05 2.23789144558e-05 4.41786552096e-05 -4.71450726543e-05 -3.22051486489e-05 2.3125560281e-05 3.98674140788e-05 -2.48415731495e-05 -3.55295694174e-06 -2.7419073513e-05 7.17061792269e-05 1.95119582922e-05 -7.36253772028e-05 9.14358864345e-05 -7.2228356461e-07 -3.63020633082e-05 -2.75543734598e-05 1.65769672636e-05 -5.96076710186e-06 -4.1224664265e-05 2.04908011587e-05 -3.33732664812e-05 -3.29101429358e-05 8.47718374748e-05 -8.89554413246e-07 7.50691601999e-06 -7.5670265764e-06 1.20258109344e-05 5.02401576217e-05 -6.45842069525e-05 1.0035468629e-05 5.65015898441e-05 2.76960046347e-05 -3.96376475775e-05 -6.75732441792e-05 -2.78439385714e-05 1.81937706823e-05 -2.30753241365e-06 -8.55151626513e-05 5.72419866066e-05 -7.40162766797e-05 0.000120690480486 -2.24272162587e-06 2.64298955338e-05 -1.37642153731e-05 -9.19996173749e-06 -8.31415076472e-06 -1.15926023925e-05 -7.15357476921e-05 6.73368066109e-05 -2.83629114403e-05 3.97195032205e-05 2.18231522073e-05 -1.22734357037e-05 6.63903108719e-05 
-0.00013584591971 -0.000262209416948 -0.000160848682275 -0.000809568365453 0 -0.00086947964631 -9.45546313331e-05 -7.91666678461e-05 -9.42085345129e-05 -1.77201648628e-05 -2.81441490531e-05 -4.06805233353e-05 1.54875919389e-05 -1.76017844448e-05 -3.19443720551e-05 -4.2481026789e-05 6.22522298036e-05 -8.89461218495e-06 -7.13115581601e-05 2.22161735416e-05 -2.68354750083e-05 -1.02422878496e-05 2.48655246412e-05 5.01962228478e-05 5.01718179437e-06 -2.21083702651e-05 -2.15136777126e-05 2.52717536946e-06 4.81656362023e-05 -3.97513513918e-05 1.38901964988e-05 4.77447470467e-05 -3.04352452075e-05 -7.0004168012e-05 4.22356278918e-05 -4.78275785121e-05 -3.63134815163e-05 2.59795153863e-05 1.31755839974e-05 5.39169333384e-05 -2.5385609306e-05 6.49541036371e-05 -1.55433006898e-05 -1.38487098923e-05 -1.80922106313e-06 1.47308965246e-05 -9.89469761238e-06 -1.80732413348e-05 -8.0834575683e-05 -4.78322242445e-05 6.25694096951e-05 -6.45000554919e-05 -6.54480146907e-07 4.20699414294e-05 -5.31986002872e-05 2.78124404551e-05 4.82502249434e-05 7.02635371924e-06 3.4428259281e-05 -4.09447508342e-05 -3.3543504952e-05 -3.10880401912e-05 2.18617337499e-05 -4.13939718803e-05 -2.42781274617e-05 -2.33219047829e-05 1.25470604539e-06 -1.50537296431e-05 -3.2478452757e-06 5.92035826695e-05 1.9664740377e-05 -2.0787435918e-05 -9.48025533725e-06 2.05151234409e-05 1.59615073459e-05 3.41470792602e-05 0.000113914783079 -7.7514536155e-05 2.28217776446e-05 4.39165564725e-05 -1.00197341126e-05 -3.22030630239e-06 1.72270541562e-05 2.28387455596e-05 -1.85542773402e-05 3.97977984364e-05 -2.09350963522e-05 -1.24803699927e-05 2.42040425283e-06 -6.64602539314e-06 3.42664950297e-05 -3.83443230926e-05 4.35386764346e-05 -3.43258461619e-05 1.14195302664e-05 -8.1746999074e-05 3.51939368368e-05 -1.24845403129e-05 -2.76453372889e-05 -4.73479138227e-06 8.26379746165e-06 -5.64729072578e-05 6.18361401423e-05 1.78743620888e-05 5.61868845435e-05 -0.000133866546572 3.26467560695e-05 4.99488661263e-06 -4.17010183362e-05 6.68531900748e-05 2.50481990772e-05 4.08806446241e-05 -4.90854648477e-06 -2.28857882556e-05 1.29860063917e-05 -4.96736244161e-05 -4.46785219171e-05 3.42435251705e-05 7.03964820051e-05 
2.75737793213e-05 -4.47541926526e-05 -0.0001749290779 -8.35298552413e-05 -0.00086947964631 0 -0.000749745639096 -0.000181190225971 -0.000142371513 -8.66261216604e-05 -2.71427198978e-05 -2.47808487127e-06 4.60084024317e-05 -2.7752368286e-05 -3.98344746473e-05 -2.78016323721e-05 3.37163867668e-06 -4.42667028383e-05 2.65719672884e-05 -3.03038252051e-05 3.74869544768e-05 4.77825625688e-06 6.44876964011e-06 -4.296980534e-05 -6.29834950209e-05 -5.23487062345e-06 6.4412804874e-05 -2.82429719703e-05 1.92018452698e-05 9.63071533661e-06 3.66708095495e-05 1.71952914933e-06 -1.08578037226e-05 -4.01700624159e-05 -1.93450011078e-05 3.96461817916e-05 8.73727873022e-06 -4.48150913328e-05 -2.1260868948e-05 -3.49554742631e-05 0.000111431909328 -5.98564850708e-05 3.56813108815e-05 -2.88278481086e-05 7.302002562e-05 -8.28346310065e-05 -7.78343324383e-06 9.98289542354e-06 -3.77473719528e-05 2.4969919362e-05 -3.36502318539e-05 1.5845174419e-05 -2.54468119788e-05 1.04298090987e-05 1.58347764177e-05 1.75814445294e-05 -2.64617250932e-06 4.34971830483e-05 -0.000100529379287 9.9234120964e-05 -2.70973569086e-05 8.1321051928e-06 -4.47517806193e-05 4.60025328247e-05 2.0731504935e-05 3.9408670655e-05 -2.76875422977e-05 9.41170057545e-06 -7.81982607522e-05 6.59874822209e-05 -6.22199315067e-05 -2.83738757685e-05 3.79986958754e-05 -1.26672897774e-05 -2.36610009349e-05 5.06345172922e-05 -3.84365074949e-05 2.54605559926e-05 4.53943819937e-05 -1.33705861943e-05 -8.09090434548e-05 -1.50508206217e-05 -1.16488848376e-05 2.41530926234e-05 -6.32964151812e-06 -3.19327580448e-05 8.83006194777e-06 2.56263577769e-05 -5.53289181361e-05 2.73344949087e-05 -4.33426458408e-06 -2.74718177089e-05 1.03494009775e-05 -9.20976851388e-07 -1.24525556746e-05 3.12747625701e-05 4.24299943473e-05 -5.19250670124e-06 6.9977481288e-05 -2.0027498142e-05 -8.27457292253e-06 4.87486836908e-05 -5.22410865988e-05 -2.93786858947e-05 3.79082177016e-05 5.03093001246e-05 5.17983478547e-05 -7.58486379177e-05 7.29497624074e-06 -1.81482073889e-05 -3.80500589541e-06 -6.10317706288e-06 -3.53863965229e-06 4.58174823216e-06 2.35480296787e-05 -4.10284719683e-05 3.13793702842e-05 -2.27435627395e-05 -7.35196092754e-05 
-5.38550395234e-05 4.00974452841e-05 -6.78303117056e-05 -0.000143552806935 -9.45546313331e-05 -0.000749745639096 0 -0.000701478999434 -0.00014284186471 -0.000202525273691 -6.25018871594e-05 -0.000154193980901 -7.24605011039e-06 7.24535323855e-06 3.91226888902e-05 6.09059903069e-06 -6.2127646996e-05 -1.83277062052e-06 -4.07334919472e-05 5.10880301913e-05 -7.3126073295e-05 4.91605799684e-05 -6.1717747836e-05 2.09097958614e-05 -1.64511172447e-05 5.47123867551e-06 -2.62101677511e-05 1.69846277861e-05 -1.5970245595e-05 8.37832580698e-05 -4.73327854061e-05 -6.32125914437e-05 6.29271695931e-05 1.1226070626e-05 5.42581657698e-06 7.3887253542e-05 -6.3180254324e-05 1.08125093221e-05 7.22601203065e-06 -4.7135415732e-05 -9.24271928018e-05 6.09709365209e-05 -2.83056906901e-05 -5.66767819123e-06 1.50237122856e-05 -1.35507587911e-05 5.67355420707e-05 -3.45997602191e-05 1.1151890825e-05 2.46951149987e-05 2.67017414626e-05 1.98664344149e-06 -7.3770409202e-06 -9.41765829517e-06 1.35120405702e-06 -1.98092256105e-05 -3.26496582891e-05 5.6733071513e-06 1.72000158766e-05 -2.11789202821e-05 5.98953917948e-06 6.95480916807e-05 -1.30199449634e-05 -3.62170600955e-05 6.16647844218e-05 -6.9004268342e-06 -3.01139324987e-05 -4.51306012377e-05 6.25199746836e-05 -2.58769158223e-05 -5.11206998383e-05 2.35947453643e-05 1.49410277426e-05 -1.3969149367e-05 5.87255442487e-05 -2.22706098845e-05 3.15899980771e-05 -5.80021130234e-05 -4.85883604016e-05 4.41565151993e-05 2.95611422576e-05 6.71960019992e-06 2.53448501947e-05 -5.31456519157e-05 4.46082384357e-05 1.86828705721e-05 -1.38932189479e-05 1.68657493726e-05 -3.56022722679e-05 -2.59108671121e-05 1.94519466387e-05 5.6143405562e-06 -7.05264614065e-05 8.32690287915e-05 9.95671931465e-06 2.13769944174e-06 -2.66112413889e-05 5.95819529704e-05 -1.41537323284e-05 -3.68590460053e-05 1.41716416622e-05 1.14124031113e-05 -4.92294344577e-05 4.97784634244e-05 2.6315731587e-05 2.8924420669e-06 -3.7890036913e-06 -5.84947805605e-05 7.12763175818e-05 -2.94909602228e-05 3.66119993753e-05 -7.39324464966e-06 -5.03422390583e-05 4.36566359885e-05 -5.51984405408e-06 3.85266594217e-05 -1.11002772865e-05 -8.00933006292e-06 -4.84517434726e-05 
-1.13149082644e-05 1.57727766527e-05 -4.59537118121e-05 -4.13723552221e-05 -7.91666678461e-05 -0.000181190225971 -0.000701478999434 0 -0.000740454591761 -0.000105958563961 -0.00013638580737 -5.78709833938e-05 -0.00013057930229 -4.77225188898e-05 -5.02889390683e-05 -4.573662079e-05 1.95495766106e-05 -2.43447510373e-05 1.57301432574e-05 -2.9707859417e-05 -1.36006304179e-05 -4.2833676619e-05 4.07544744588e-05 1.72817967982e-05 1.30959190003e-05 -2.28534619475e-05 2.971388707e-05 2.88220243201e-05 1.70610264275e-05 -2.08121197063e-05 4.93957746357e-05 -2.05401628954e-05 -8.75268710012e-05 -5.56925133321e-05 4.74918999559e-06 -1.24714904504e-05 2.50961124734e-05 3.54120397151e-05 -1.7111405113e-05 8.94954181726e-05 -6.6199930219e-06 -0.000107701340404 4.91204394569e-05 -4.304587982e-06 -4.28261709405e-05 4.5304469901e-06 -3.99787861027e-05 6.36680836099e-06 4.05202269748e-05 3.60001490851e-05 3.6139898333e-05 -5.98059716013e-05 6.2710007273e-05 -3.13370587728e-05 1.12785217341e-05 3.06461671098e-05 2.30030214209e-05 -2.95228574662e-05 1.15013860795e-05 -3.01870782633e-05 -1.70293248812e-05 9.27988461033e-05 -3.47506742796e-05 -1.8120673352e-05 5.14888916712e-06 -4.68766215786e-05 1.30067245907e-05 -5.63065057251e-05 2.87213912851e-06 6.34344584379e-05 2.77051308534e-05 5.32157095451e-06 -8.65171192165e-05 -2.83757746314e-05 1.5181823005e-05 -2.0927826143e-05 2.84861343682e-05 1.84441828914e-06 2.51208804282e-05 -1.59661189351e-07 -5.65648894848e-06 2.97873824188e-05 2.97639468841e-06 2.74480188298e-05 -5.17668684675e-05 2.20532909224e-06 -4.16550225964e-05 -6.67771611425e-06 -1.55934319503e-05 7.08738378211e-05 4.22879408964e-05 6.96529851722e-07 3.50532721789e-05 -6.47743793731e-05 2.81675949797e-05 1.26280410827e-05 1.44220483998e-05 -2.20919172815e-05 -1.07599438963e-05 -1.17459195703e-06 2.66462623854e-05 -1.95608626213e-06 -3.68395859906e-05 -6.41828707342e-06 1.54315606149e-07 -2.45531449385e-05 -3.31241315733e-06 5.41484394403e-05 -5.93031942146e-05 4.50446331208e-05 -1.44044668784e-05 -3.07108683382e-05 2.76357843447e-05 1.59776015077e-05 -3.13011394809e-05 4.09212479813e-05 -1.45774376385e-06 -3.62425935546e-05 2.24930299876e-05 
-0.000103435744776 2.55747222989e-05 -3.72312001795e-05 -0.000143357766285 -9.42085345129e-05 -0.000142371513 -0.00014284186471 -0.000740454591761 0 -0.000776593409543 -0.000155088302211 -0.000162057158284 -7.99567882637e-05 -0.000100069493949 -1.40107599271e-05 9.86748324454e-06 -3.34633390387e-05 2.76256556171e-05 -4.187368782e-06 3.08256370827e-05 -2.86696985868e-05 4.83346502684e-05 -7.42430058332e-05 -4.04691307683e-05 -1.98186190797e-05 -1.60915325441e-05 1.14649186071e-05 1.47638456677e-05 -8.01206033025e-06 2.58806724064e-05 6.24555107483e-06 2.31520199374e-05 6.3356392205e-05 -6.44867966453e-05 2.54846534679e-05 3.79644045128e-05 4.55336248942e-08 -1.92431361558e-05 -2.17723231387e-05 -1.11972588096e-05 -3.92897751047e-05 5.29884326285e-05 8.69149319982e-06 -1.62666794757e-05 1.96403863431e-05 -4.79046761474e-06 5.83134073387e-05 1.02763346128e-05 -0.000151286861612 -2.97953302924e-05 5.3647060613e-05 3.72098321702e-05 -4.8376220964e-05 4.12784443572e-05 -1.67607700633e-05 3.877296026e-06 2.75716744262e-05 -2.0939732051e-05 6.83262362273e-05 -3.21054422525e-05 2.59988700283e-05 -3.40439742219e-05 -9.00388599502e-07 2.77041724106e-05 1.90298094824e-05 -1.27352600644e-06 5.96987617838e-06 -9.01348974366e-06 4.22258540227e-05 -2.1939609687e-05 1.2393780196e-05 -6.12955579889e-06 3.0996273802e-05 -1.88673374584e-05 -1.76689735101e-05 1.34669757776e-05 -3.35729521059e-05 -4.10613178061e-06 -6.2190449394e-05 -4.094545194e-05 3.27242535901e-05 -4.42736950796e-05 2.90525774049e-05 -4.82718615322e-05 8.11396724045e-06 1.36372061972e-05 7.9580171849e-06 -2.36749794346e-05 -4.06819970955e-05 -1.87761845572e-06 3.30124356551e-05 -3.4031816659e-05 -6.00861351942e-05 7.27526278596e-05 2.53868779701e-05 4.25120585147e-06 -3.45509830011e-05 -4.94754542074e-06 3.96339743509e-05 6.7984130607e-06 -6.83063427263e-05 -4.43250061003e-06 4.52035374956e-05 -1.77167196806e-05 -1.88416351061e-05 2.25302395466e-06 -3.37271788866e-05 7.53210531802e-05 1.82981888245e-05 8.05373513188e-06 1.42104083806e-05 1.45675788466e-05 2.43859403192e-05 2.66351699005e-05 -1.45189287852e-05 -3.5509404355e-05 -1.16814317511e-05 1.86024044569e-05 -9.77868079127e-06 
1.72355959128e-05 2.90725521148e-05 -7.69844026698e-05 8.56819504903e-06 -1.77201648628e-05 -8.66261216604e-05 -0.000202525273691 -0.000105958563961 -0.000776593409543 0 -0.000754422342368 -0.000142431275469 -0.000108809602831 -7.14755664529e-05 -6.47292441072e-05 1.42741468627e-05 -3.01729504214e-05 -6.83032624567e-05 -7.73779098207e-06 -2.4685802544e-05 5.4958979529e-05 -5.77490248741e-06 3.72872129266e-06 -4.76365630712e-06 5.28562953525e-05 -4.18699640688e-05 5.44071211625e-06 -4.36697854307e-05 -6.51277716769e-06 -6.70888064387e-05 4.15256510187e-05 4.90191387486e-05 1.5837157341e-06 1.27836393029e-05 1.21751105469e-06 -4.27649978666e-05 3.00249697284e-05 -5.59797074333e-06 1.51325092127e-05 -5.50217897897e-07 -1.65971304304e-05 3.46188928709e-05 -3.34628723197e-05 -1.34357103998e-05 3.36628641912e-05 -1.10046827809e-05 -1.62338564597e-05 -2.72496250777e-05 6.55600790607e-05 -1.05652592479e-05 -2.93010181947e-05 -1.41043751646e-05 4.39940490838e-05 -4.98329950905e-05 -1.40459288253e-05 6.66095065086e-05 -5.15518138642e-05 8.38602779818e-06 2.44499913763e-05 3.40899901795e-05 -2.61153019117e-05 -7.41185863899e-05 4.81513377403e-05 -6.08123043198e-06 4.55041215911e-05 2.11826097649e-05 2.87747945555e-05 -6.0033096942e-05 -3.82565993744e-05 -1.68616179293e-05 2.06641353478e-05 -4.0324889644e-05 2.87625696851e-05 -6.16302828556e-07 2.74264292856e-05 -1.4078253231e-05 -4.25080439211e-05 4.66881667658e-06 -5.65251731957e-05 6.65644501415e-05 -2.32737126192e-06 8.38342325501e-06 1.00932969414e-05 -6.02383326801e-05 4.51103288261e-05 -1.35199151188e-05 3.80125255346e-05 -6.9220511888e-05 5.6440013035e-05 -5.50051384491e-05 2.85869981632e-05 -8.58301002495e-06 -6.41724805404e-06 1.92990903308e-05 2.93205151215e-05 3.96416714664e-06 2.16201961869e-05 -2.54023098439e-05 -3.94238776689e-05 3.53091125029e-05 -2.926146959e-05 5.11759574735e-05 1.77334299864e-05 1.28643971715e-05 -2.86543816578e-05 -3.75825154164e-05 3.95012232871e-05 -5.19356463385e-05 -1.20772564058e-05 -2.09327101377e-06 -3.58710353692e-05 -7.0068433105e-06 5.15014992746e-05 3.4970038509e-06 2.79425506174e-06 -4.96533888616e-05 3.19557878372e-05 -8.7567916208e-05 -3.98491993452e-06 
3.37801454636e-06 -0.000101364841413 5.59903413926e-06 -6.83166834072e-05 -2.81441490531e-05 -2.71427198978e-05 -6.25018871594e-05 -0.00013638580737 -0.000155088302211 -0.000754422342368 0 -0.000690078848704 -0.000137613160131 -0.00019026690365 -3.7203824957e-05 -3.36218509977e-05 -9.05091577983e-05 -1.47630610172e-05 1.26639779541e-05 -1.14901210356e-05 -4.51075098349e-05 -1.20125310602e-05 -8.38274758404e-05 7.06626924689e-05 -8.55221231621e-05 1.46623627517e-05 -5.13638842955e-05 1.25089844468e-05 9.17517973091e-06 -1.08303011867e-05 3.1290363652e-05 1.87678174859e-05 -4.80512735304e-05 2.18124800618e-05 -1.68677010726e-05 -4.22333994586e-05 4.81184326653e-05 -8.84588800079e-06 3.33627126616e-05 -3.65207981955e-05 3.17714029005e-06 1.58031509012e-05 2.99223950343e-05 -1.58258093115e-05 -2.16420471002e-05 5.672133342e-05 -2.03725685952e-05 -8.75497578015e-06 -1.39105358394e-05 -9.37715949983e-06 2.92526469029e-05 -1.50185560005e-05 -1.2892070102e-05 5.18003581171e-05 1.80953093004e-05 -8.44762622722e-05 3.67366292111e-05 3.39263989437e-05 2.32711880842e-05 -2.54364069407e-05 -1.23142344289e-05 3.91310085994e-05 -3.76579587096e-05 -2.80187188885e-05 -0.000104855283915 4.57395923508e-05 -1.13782367161e-07 5.30405146116e-05 3.28104591696e-05 -7.88823970166e-05 -2.00969370247e-05 4.06182031694e-05 -2.49359024743e-05 6.6027426353e-05 -2.94949690409e-05 4.98484844155e-05 -2.29398323783e-05 -2.69167677151e-05 -7.613404288e-05 4.81134945802e-05 9.13493931427e-06 -6.35802575056e-06 -4.75283836024e-06 -1.90887747437e-05 -2.70787092857e-05 -3.38042181933e-05 7.23939397529e-06 -6.31212572894e-06 2.81796606937e-05 6.43057493321e-05 -6.61017151472e-05 -6.31743042856e-08 -3.3394985475e-05 4.15769198995e-05 -6.82632096232e-05 4.00516325212e-06 3.0161331413e-05 -1.25522741085e-05 2.81435539803e-05 -9.91345001568e-06 2.5829889353e-05 6.37297962156e-06 -6.82720710274e-06 -2.60219821071e-05 5.18587469378e-05 7.03942032966e-05 -4.25633380022e-05 -1.43351302036e-05 -4.29778519418e-05 -6.07704503756e-06 6.39470952397e-05 -5.80370883398e-05 2.16634004792e-05 -7.02401770114e-05 5.74188662931e-05 8.98967970974e-05 -4.99377176192e-05 2.83733577689e-05 -3.52874440312e-05 
-8.55557201493e-05 -1.89186927798e-05 -2.67839045012e-05 6.62032568926e-05 -4.06805233353e-05 -2.47808487127e-06 -0.000154193980901 -5.78709833938e-05 -0.000162057158284 -0.000142431275469 -0.000690078848704 0 -0.000725760182853 -0.000126844079225 -0.000162939109977 -0.000102639166809 -2.63614957851e-05 -8.86901502373e-07 -7.88743525939e-05 -3.19832229038e-05 3.05808675694e-05 -3.15478973472e-05 1.91450869459e-05 -4.16307709723e-05 -1.24641427181e-05 2.18105702537e-05 -6.29744064614e-05 3.01428399826e-05 1.09716157225e-05 4.50541801032e-05 -6.06294525591e-05 -3.74575846584e-05 1.50958091274e-05 -7.47091133405e-06 6.77399169226e-05 -2.88716409046e-05 -5.68379164884e-05 -1.00296625521e-05 -4.3950849289e-05 4.10701768885e-05 1.35360613607e-05 -4.05585112161e-07 9.74443553426e-05 -3.01276120503e-05 -8.05499377076e-05 6.68124107062e-07 1.69351115475e-05 8.68470252363e-05 4.3720437759e-05 -7.18678825924e-05 2.38305786696e-06 -3.70273279051e-05 -1.69868379809e-05 -6.5589769673e-06 3.33139503438e-05 -3.76256077544e-05 -2.05007305944e-05 6.08106193135e-05 -3.00756449357e-05 -1.03463776811e-05 -4.39341602701e-05 -7.24906997543e-05 9.00797123916e-05 4.38006375016e-05 4.64572077176e-05 -3.10910411449e-05 5.58999856605e-06 3.45411178552e-05 5.43370914847e-06 2.82666999103e-05 -4.60305462609e-05 -4.1661634088e-05 8.76394305119e-06 -2.87577678945e-05 3.91572776487e-05 -1.96777269445e-05 6.48501458965e-05 -5.7823261816e-06 4.2490517751e-05 -3.94243147233e-05 -5.91258060834e-05 9.9231553595e-06 -1.77997276191e-05 1.19486692015e-05 -4.47422354097e-06 2.62271670527e-05 4.16792652896e-06 -3.62510654373e-05 4.40511035605e-05 -6.51747898163e-05 3.02024930571e-05 -2.41735403072e-05 3.85547510826e-05 4.87414736303e-05 -2.87018291571e-05 4.91375718334e-05 1.42191469036e-05 -4.52926418318e-05 -8.00394888524e-05 2.70985043283e-05 7.16303115088e-06 6.97872824106e-06 4.4504710324e-05 3.3775427659e-05 -4.45691199618e-05 -1.4680746805e-05 -7.70001822158e-06 -2.56413516221e-05 2.67953853427e-05 1.96543139261e-05 1.56455956941e-05 3.87514299981e-05 -4.72120109812e-05 -2.73698603392e-05 1.23092900289e-05 -5.74883641575e-05 2.94282092236e-05 -9.41222919014e-06 -1.78472949689e-05 
-1.45358056424e-05 -1.97025103236e-06 -5.53617177729e-05 2.48140915734e-05 1.54875919389e-05 4.60084024317e-05 -7.24605011039e-06 -0.00013057930229 -7.99567882637e-05 -0.000108809602831 -0.000137613160131 -0.000725760182853 0 -0.00070832407127 -0.000165709947627 -0.000109737309799 -6.34504931861e-05 -0.000100805742155 3.72875238506e-05 -5.61439009272e-05 -3.06299925752e-05 -2.88376202365e-06 -3.76603105562e-05 -4.88673569381e-05 4.85655354785e-05 4.14988270937e-06 -1.84070312615e-05 -5.25587380043e-05 -1.72711109164e-05 -2.60569351515e-05 1.41063682038e-05 -4.11007681278e-05 -1.23735379984e-05 -2.12000431916e-05 5.51369527109e-05 -4.31045747376e-06 -3.67900338381e-05 4.31732823428e-06 1.28583385388e-05 -6.33148647308e-06 2.72997339498e-05 -6.13525301224e-05 -7.32553203964e-05 0.000105763629297 1.83876490348e-05 1.25126397687e-05 -2.16882365421e-05 3.34233764714e-05 2.41709382349e-05 -4.21754065022e-06 -5.37080556534e-05 2.9800737666e-05 3.07013637925e-05 -6.56645056118e-06 -2.69323732566e-05 5.88491366256e-06 7.08106780674e-05 -4.90976422519e-05 -1.39521769629e-05 -2.07748913826e-05 0.000119721005197 4.81485436567e-05 -5.7846656322e-05 -2.32361675109e-05 -8.2007081916e-05 -1.98008288894e-05 1.09530392522e-05 3.8969800386e-05 -3.672208009e-05 -3.3308661504e-05 7.88697606208e-05 1.24514491057e-05 6.74450184729e-05 5.03860197179e-05 -3.80004575857e-05 -1.5408985251e-05 -3.58148674542e-05 1.31802632743e-05 2.01979831712e-05 -5.52537154059e-05 -1.80571110342e-05 5.75755126153e-06 -3.69674874359e-05 2.55504632199e-05 7.32299119118e-05 1.73100041313e-05 9.02847594156e-06 2.94852164289e-05 -2.09509847102e-05 -1.07648868339e-05 -2.10259588944e-05 4.71938032916e-06 1.88305982509e-05 -8.67410432526e-05 3.1765500194e-05 3.78001848851e-06 -2.15103707871e-05 -1.70090043662e-06 6.55100530201e-05 -3.91446190446e-05 2.21651630928e-05 -4.41694314326e-06 8.98688526012e-06 1.5872488131e-05 4.1974982539e-05 4.47630396877e-07 2.28031181818e-05 -8.20879746788e-05 6.99153927948e-05 -4.37094061714e-05 -6.41519193913e-07 7.36604262236e-06 -1.16926193966e-05 -4.41460051914e-07 -2.20925272038e-05 -4.92533264617e-05 -7.82619151311e-06 9.13597197565e-05 3.7605683563e-05 
2.97311511678e-05 2.07233463685e-05 2.35218838351e-06 -2.35743097129e-05 -1.76017844448e-05 -2.7752368286e-05 7.24535323855e-06 -4.77225188898e-05 -0.000100069493949 -7.14755664529e-05 -0.00019026690365 -0.000126844079225 -0.00070832407127 0 -0.000758830380677 -0.000111435274374 -0.000122525335166 -7.71975406804e-05 -0.00011994382188 -1.42305928505e-06 -3.20337522627e-05 -4.04460559822e-05 2.53855079878e-05 6.49775494979e-06 5.7712321824e-05 -9.3106632031e-05 -4.90790596966e-05 1.74162537902e-06 -9.55393478715e-06 3.42821191333e-05 1.25305831708e-06 4.11879246191e-05 1.7217215328e-05 1.40726953005e-05 -4.24648722852e-05 5.79442175665e-07 -1.75739544544e-06 -9.36716517374e-06 -1.99825853177e-05 -5.04948532756e-05 1.05478394576e-05 -6.68732398212e-07 -2.89180754117e-05 -1.28484328711e-05 6.74579783001e-05 3.98769521257e-05 1.96192035721e-05 -2.17209465269e-05 -3.14717514586e-05 8.22510410956e-05 -4.1562997633e-05 -2.8333836062e-06 -4.54961237007e-07 -4.38387654046e-05 5.06937370444e-05 7.5572402189e-05 -6.00741138241e-05 -3.25305049154e-05 -4.90474897213e-05 -3.34870760249e-06 -4.8043528142e-05 -7.34416978579e-05 7.1222067654e-05 -1.9839777223e-05 5.94586248783e-05 -1.74627171102e-05 4.05031753571e-05 -1.2382142193e-05 -3.49491095205e-05 -3.45573980782e-05 -2.81197915248e-05 9.83470292485e-06 3.46498203953e-05 2.13216300254e-05 -8.72900673568e-05 6.57754515794e-05 4.73339325174e-05 3.69641820011e-05 1.53309010088e-05 1.85724118621e-05 -4.11295125598e-05 4.40491525647e-05 -4.43896401027e-05 2.5128726782e-05 -3.69198377456e-05 -5.53338264192e-05 3.04222081723e-05 1.52481458152e-05 1.93673893762e-05 -3.61037702617e-05 4.67191782547e-05 -4.23894634732e-05 2.65679097129e-05 -3.59729841303e-05 5.2356946794e-05 2.2980706304e-05 -9.62996687903e-05 8.74528332448e-05 4.44945241396e-05 -8.85921896599e-05 7.61444434307e-06 2.17033242841e-05 2.52278802563e-05 -8.24003636431e-05 2.92949752612e-05 -2.18457415098e-06 1.54766305537e-05 1.71473522632e-05 -6.67146605334e-06 -2.67573113415e-05 1.5061660006e-05 2.76781532897e-05 4.15719322301e-05 -1.19649066923e-05 -3.71382369053e-05 5.47243515718e-05 -2.98003535562e-05 -3.16106285357e-05 -2.69809354748e-05 
4.18559923516e-06 -2.29314622079e-06 1.75513653606e-05 8.47062548939e-05 -3.19443720551e-05 -3.98344746473e-05 3.91226888902e-05 -5.02889390683e-05 -1.40107599271e-05 -6.47292441072e-05 -3.7203824957e-05 -0.000162939109977 -0.000165709947627 -0.000758830380677 0 -0.000745414694235 -0.000180175908405 -0.000139652953063 -6.03934769838e-05 -1.20015706973e-05 -5.51537717715e-05 -4.7799931163e-05 -6.26762664465e-05 -1.10211420019e-05 -1.6165100815e-05 8.35699740638e-05 -7.09092802672e-05 7.60764587079e-05 -7.12762966661e-05 -1.44949570676e-05 2.74318557427e-05 4.24542405161e-05 2.09213245459e-05 2.67932836005e-05 -6.25754339679e-05 -6.1133657441e-05 -4.03552574224e-05 -1.63916870137e-05 4.17825478066e-05 3.00006217837e-06 -1.40186108893e-05 -5.87501690949e-06 9.10573177188e-05 1.31124952086e-05 -2.70785264038e-05 -5.01048224766e-05 2.67690297055e-05 2.03954299573e-06 8.53628078025e-06 1.33473287955e-05 -7.11606281157e-06 1.23055987772e-05 -2.53542866886e-05 -2.51511091069e-05 -4.15934752337e-05 2.33906515355e-05 -6.48765734346e-05 2.33333228995e-05 -1.8840059059e-05 6.99936623705e-05 -2.64415078102e-05 6.97483089955e-05 -7.26640837603e-05 -5.44420551207e-06 7.19567639137e-05 -3.45048304991e-05 -1.88023092782e-05 -4.55937421883e-06 3.77731313746e-05 4.13234679085e-05 -2.41024633085e-05 3.82519749352e-05 -1.43001435765e-05 -3.90569881336e-05 5.19730520369e-05 -5.42671650743e-05 -5.11435445366e-05 2.89516361794e-05 -4.50945161246e-05 2.98721865064e-05 5.19793103329e-05 -5.32456215913e-06 3.67729543748e-06 -3.81180609184e-05 -3.25955808566e-05 5.99500912068e-05 -3.24998350571e-05 -1.23537134813e-05 -8.36455182445e-05 3.3854119008e-05 -5.81314305592e-06 7.36167772588e-05 1.76129135033e-05 -1.58218397506e-05 -6.05820365148e-06 1.84549297165e-05 -3.05995112595e-06 7.69024730464e-06 -2.26693498786e-05 5.62482773061e-05 -2.80965559868e-05 6.55063886157e-06 -0.0001120168356 6.83592647238e-05 -8.18848157927e-05 1.41369590086e-05 3.68687424368e-06 9.51702164244e-05 -9.30544210242e-05 -2.29704219909e-05 4.30360614332e-05 -3.97584621437e-05 -4.02507399591e-05 6.60622511551e-05 2.6553605609e-05 1.6782551474e-05 4.39948596049e-06 1.92713284594e-05 -2.8465371084e-05 
3.57966387729e-05 -3.25522760528e-05 -6.21956420275e-06 -1.47368040969e-05 -4.2481026789e-05 -2.78016323721e-05 6.09059903069e-06 -4.573662079e-05 9.86748324454e-06 1.42741468627e-05 -3.36218509977e-05 -0.000102639166809 -0.000109737309799 -0.000111435274374 -0.000745414694235 0 -0.000773779506158 -0.000163736090192 -0.00017219048902 -0.000117112406609 2.29051926127e-06 -6.00093996597e-05 7.43627320572e-06 -4.97335298545e-05 1.93381410088e-05 -8.90749478039e-05 9.89880351426e-05 -5.81441422346e-05 -1.41868379241e-06 -4.42399264947e-05 2.66418888059e-05 3.33690141391e-05 -3.48006523658e-05 3.5404066045e-06 2.18441537895e-05 5.27904004278e-05 -5.48476312929e-06 -3.2756488101e-06 2.93165222264e-05 2.53533931007e-05 -1.50066490551e-05 1.87061947618e-05 -2.15731889912e-05 -9.66026622338e-07 -5.41909938183e-05 8.85549203408e-06 -2.75165483556e-05 2.14489455976e-05 -1.73012356047e-05 -3.44850134797e-05 4.4188590797e-05 -2.59844223536e-05 -5.24077609754e-06 5.66281153435e-05 -3.345448307e-05 3.78035851527e-05 1.00999078365e-05 -3.1804149749e-05 -3.83948369594e-05 8.15475962726e-07 -4.80144136121e-05 -1.04503531799e-05 4.03803798202e-05 3.93326019683e-05 1.52819961061e-06 5.24876248902e-05 4.2700069364e-05 -7.8874197088e-05 -1.11264084879e-05 2.77220779176e-05 -8.96825838612e-06 -1.64559513342e-05 -3.40446978463e-05 6.07561010039e-05 -1.18910760885e-05 2.80204513259e-05 -1.5598729691e-05 -0.000101883745799 7.15805806473e-05 -9.3984985967e-05 3.41025748987e-05 -2.62257837834e-05 3.14629572765e-05 -5.45878211942e-06 6.56735367278e-05 -4.25370851348e-05 2.91791162523e-05 1.64473494388e-05 4.57095260041e-05 -1.67621959289e-05 -5.19351119021e-05 5.18229480035e-06 -6.04576423616e-05 2.08302204968e-05 1.30976895616e-05 -1.68144738596e-05 2.35639963154e-05 -1.85681757346e-05 -8.19969389118e-05 7.76840844588e-05 1.67168985652e-05 -6.57525243884e-05 4.02201517851e-05 -5.4904965668e-05 7.82115557368e-05 -0.000104389722478 3.51806991291e-05 -2.87688035667e-05 7.96975331537e-05 2.43619744812e-05 -9.14723522432e-06 3.80305241485e-06 1.79984065076e-05 -3.41543474677e-05 -9.68649517826e-05 -1.05829911084e-05 6.30758133991e-05 2.83224297441e-05 2.98121112877e-05 
-1.68709548862e-06 1.69837432039e-05 9.65362566961e-06 -3.30785789255e-05 6.22522298036e-05 3.37163867668e-06 -6.2127646996e-05 1.95495766106e-05 -3.34633390387e-05 -3.01729504214e-05 -9.05091577983e-05 -2.63614957851e-05 -6.34504931861e-05 -0.000122525335166 -0.000180175908405 -0.000773779506158 0 -0.000685034689809 -0.000162832824053 -0.000137969833897 -0.000123554125158 5.04669601193e-05 -1.95039146594e-05 -2.92024329439e-05 -0.000109958204869 3.76407222608e-05 -1.37340951299e-05 -4.29925417751e-05 1.08033402133e-05 -2.58285959095e-06 -4.85971325916e-05 -3.74678922134e-05 3.67702792366e-06 7.8770878473e-05 -3.08343987077e-05 -6.10252333426e-05 4.61936389353e-05 1.03629659862e-05 -6.50001399266e-07 6.71324050474e-05 -1.92954304958e-05 -3.82142628382e-05 -1.52252126296e-05 -9.84280743429e-07 -1.10197115525e-05 -2.90409330665e-05 -2.52428503886e-06 -1.47666781713e-05 3.03939482902e-05 -1.13626760831e-05 -2.10591298353e-05 1.00894846424e-05 5.05606434336e-06 1.9864551082e-05 3.35925702569e-06 -4.68416616187e-05 -2.86127418378e-05 3.74644893097e-07 3.70928053913e-05 -2.18924053942e-05 5.68286561016e-05 -2.58697464605e-05 4.68208333979e-05 -2.89474182136e-06 -5.62369755524e-05 3.8415126013e-05 -1.67156778164e-05 1.32309239563e-05 2.423805087e-05 -2.92775656334e-05 3.76571521442e-05 -3.5978395684e-05 3.64948947335e-05 -5.46288263302e-05 2.5816837888e-05 4.37604730773e-05 -2.02635663001e-05 -3.5546162334e-05 -5.64915797777e-05 3.32046880411e-05 1.81566724974e-05 4.72091283788e-05 -2.10840177857e-05 -8.39172118356e-06 -2.18808426143e-05 5.32257448999e-05 -4.66602613574e-05 -3.94334753271e-05 8.2240092616e-05 2.15450614377e-05 -5.79307624889e-05 -1.20332681199e-05 1.95436358689e-05 -4.87434963672e-05 2.02482993871e-05 6.65674968376e-05 -8.53923834247e-06 4.36928098811e-06 2.69718657046e-05 -9.42398492515e-06 -2.99806573601e-05 6.10790072984e-06 3.67544887667e-06 -1.47458927043e-05 -2.46322355413e-05 5.11907632624e-05 -4.69593613967e-05 5.12132331728e-05 1.10375813474e-05 -2.08931073823e-05 1.53643045752e-06 3.87188247866e-05 -4.361761222e-05 -3.20392505056e-05 2.96486310512e-05 3.10671717259e-06 -6.75056254246e-05 1.4499070978e-05 5.19248286935e-05 
4.35283389207e-05 -2.70743212719e-06 -3.44299817286e-05 1.19239182573e-05 -8.89461218495e-06 -4.42667028383e-05 -1.83277062052e-06 -2.43447510373e-05 2.76256556171e-05 -6.83032624567e-05 -1.47630610172e-05 -8.86901502373e-07 -0.000100805742155 -7.71975406804e-05 -0.000139652953063 -0.000163736090192 -0.000685034689809 0 -0.000734267279359 -0.000144098821314 -0.000140210970728 -5.5390838096e-05 -5.19977155604e-05 -9.01837078932e-05 -6.98756161854e-06 -3.55499350133e-05 -3.2676717907e-05 4.74050947722e-05 -6.76912692311e-07 3.39796717224e-05 -5.18127952246e-06 1.10106959918e-05 -6.90198868385e-06 -9.52167999033e-05 2.22475403994e-05 -5.11111564618e-05 -7.04558226942e-06 3.73702807794e-05 3.74821465566e-06 -6.72075850023e-05 3.71878147539e-05 -6.01945564592e-06 8.31703213784e-06 -3.83486163174e-05 7.77830599309e-05 6.94082195571e-05 -5.76083040423e-05 -2.01626260682e-05 -3.07436213439e-05 4.14635333022e-05 3.93983198476e-06 -2.46306113654e-06 -2.39519614737e-05 -3.98418741682e-05 -1.49617112854e-06 3.7119478756e-05 -3.34757530158e-05 7.24452988324e-05 -1.16178465588e-05 -3.96654688355e-05 -2.85541526468e-05 1.99378674967e-05 -1.77942819751e-06 6.22821722079e-05 7.55761957907e-06 5.14045231544e-06 -3.64927627465e-05 -5.54942790364e-05 3.07985771685e-05 1.25272599705e-05 -2.94654233866e-06 -1.94622548643e-05 -4.95873818543e-05 -3.31320963001e-06 -2.2517108003e-05 4.615455512e-05 3.43046061514e-05 9.01356998586e-05 1.20961008696e-06 -5.14867318606e-05 2.60097718411e-05 -5.04705012847e-05 4.17654514871e-05 3.47053567976e-05 -3.2615545195e-05 3.41784495963e-05 -0.000129690566886 0.000115836297577 1.69330731635e-05 9.85553531638e-06 0.000115137891926 -5.78898173983e-05 5.77611749091e-06 -2.6973862263e-05 -2.27209369975e-05 -3.37682056151e-06 6.9536614421e-05 -7.81916532769e-05 0.000101838069884 -5.54935446264e-05 6.50236321224e-06 1.45836130298e-05 -2.92805240909e-05 1.84836918149e-06 -2.55515787457e-05 2.72570929287e-07 3.19264258883e-05 6.06083864554e-06 -7.18785082499e-05 4.42695338317e-05 9.13432327344e-06 -2.1420819104e-05 1.42711645449e-05 -1.83261394657e-05 -7.43984259319e-05 3.02010856184e-05 -2.84675454168e-05 4.79421299245e-05 -9.56119054934e-06 
